Date,Activity,Activity type,Unit,Amount planned
2025-01-16,Terrain leveling,Building,m3,4235.6483160383195
2025-11-02,Pavement,Road,m2,4836.260237619689
2025-06-17,Coat preparation,Road,L,1769.8784526473826
2025-11-10,Cement making,Building,m3,4811.768034495865
2025-12-04,Iron mining,Railway,m3,4787.686220669701
2025-05-16,Foundation pouring,Building,m3,528.0718035522125
2025-01-12,Walling,Building,m2,162.54020311696203
2025-10-22,Anchorage,Railway,m2,1562.325346215497
2025-09-18,Removing trees,Building,m2,1221.1038760933573
2025-12-21,Walling,Building,m2,2457.0497316595975
2025-08-17,Subbase application,Road,m2,4680.889914831346
2025-05-07,Rolling/Tractor,Road,m2,692.0371864660768
2025-01-13,Pavement,Road,m2,1500.9013353382545
2025-09-15,Coat preparation,Road,L,2335.687089865937
2025-03-15,Iron mining,Railway,m3,3796.343016043364
2025-10-10,Pavement,Road,m2,4319.66099802595
2025-10-20,Terrain leveling,Building,m3,2199.9498437947977
2025-01-08,Walling,Building,m2,3730.8026278827047
2025-11-19,Ballast,Railway,m3,3409.8587815816454
2025-05-06,Cement making,Building,m3,3457.9242539866414
2025-04-23,Ballast,Railway,m3,4941.1939837207465
2025-08-03,Iron mining,Railway,m3,3410.6869975328877
2025-08-17,Pavement,Road,m2,4198.952618940418
2025-07-10,Walling,Building,m2,1020.1616447735151
2025-08-02,Rolling/Tractor,Road,m2,1176.0802269356475
2025-09-02,Iron mining,Railway,m3,3996.8806926914244
2025-09-04,Coat preparation,Road,L,2224.869743754508
2025-07-27,Foundation pouring,Building,m3,257.7896635579946
2025-08-18,Terrain leveling,Building,m3,1183.454040467693
2025-11-26,Ballast,Railway,m3,1418.3551818517599
2025-02-07,Iron mining,Railway,m3,503.0111186225367
2025-05-16,Terrain leveling,Building,m3,4394.456036729089
2025-01-09,Rolling/Tractor,Road,m2,4115.561085515536
2025-07-13,Removing trees,Building,m2,4069.190038990394
2025-08-11,Coat preparation,Road,L,416.46668615806846
2025-05-10,Foundation pouring,Building,m3,4985.398466768593
2025-05-31,Terrain leveling,Building,m3,3578.909426892257
2025-10-04,Coat preparation,Road,L,1942.9086999923945
2025-07-16,Laying steel rail,Railway,m,2248.0148744414896
2025-05-24,Walling,Building,m2,3761.991807663208
2025-07-22,Foundation pouring,Building,m3,2617.6421669909982
2025-08-23,Cement making,Building,m3,3357.4567626533776
2025-04-01,Pavement,Road,m2,3720.2056193469007
2025-01-06,Removing trees,Building,m2,421.65843064941754
2025-07-17,Rolling/Tractor,Road,m2,3065.6956863024197
2025-05-15,Cement making,Building,m3,4194.375112344757
2025-11-21,Coat preparation,Road,L,4266.154721871425
2025-12-24,Removing trees,Building,m2,1992.2612979779187
2025-06-12,Anchorage,Railway,m2,2051.4062473466297
2025-01-25,Iron mining,Railway,m3,4854.04259636494
2025-02-20,Cement making,Building,m3,805.4307773618468
2025-07-31,Pavement,Road,m2,3037.7956031955646
2025-08-12,Rolling/Tractor,Road,m2,2974.358101576218
2025-08-14,Coat preparation,Road,L,3375.9320372190195
2025-03-08,Terrain leveling,Building,m3,3069.927078576451
2025-03-05,Foundation pouring,Building,m3,78.63821331970777
2025-09-13,Ballast,Railway,m3,4529.148966105545
2025-09-30,Rolling/Tractor,Road,m2,4388.643687933279
2025-06-03,Pavement,Road,m2,3013.8680339211237
2025-09-08,Terrain leveling,Building,m3,3174.81245883821
2025-09-01,Pavement,Road,m2,4324.383138472321
2025-08-30,Rolling/Tractor,Road,m2,2739.0514929953893
2025-12-15,Walling,Building,m2,3550.1070027890282
2025-08-07,Iron mining,Railway,m3,2664.667662319729
2025-01-06,Iron mining,Railway,m3,3337.583824669104
2025-03-28,Iron mining,Railway,m3,2803.2162993492916
2025-04-19,Pavement,Road,m2,1781.6285415964362
2025-08-30,Anchorage,Railway,m2,4564.070841550291
2025-12-06,Foundation pouring,Building,m3,3857.8501308359514
2025-02-25,Iron mining,Railway,m3,4603.792796059105
2025-09-21,Subbase application,Road,m2,1042.6809979764223
2025-05-05,Subbase application,Road,m2,4112.6528807920595
2025-03-19,Iron mining,Railway,m3,1697.9653968746734
2025-12-08,Walling,Building,m2,949.4734650108611
2025-02-03,Terrain leveling,Building,m3,4428.216634721356
2025-03-19,Walling,Building,m2,3403.8441770698546
2025-04-12,Rolling/Tractor,Road,m2,3306.2992833872586
2025-01-14,Foundation pouring,Building,m3,871.5886955521252
2025-02-15,Rolling/Tractor,Road,m2,73.3294787834704
2025-01-19,Iron mining,Railway,m3,954.3845015445729
2025-03-24,Cement making,Building,m3,4976.2247878620365
2025-12-29,Cement making,Building,m3,3661.296070111299
2025-10-24,Walling,Building,m2,246.13635342891627
2025-03-17,Terrain leveling,Building,m3,3456.683146328255
2025-05-22,Coat preparation,Road,L,4636.908435621182
2025-01-30,Laying steel rail,Railway,m,4807.867879977588
2025-12-03,Pavement,Road,m2,2338.0547923308536
2025-02-18,Rolling/Tractor,Road,m2,2813.8531066828814
2025-07-13,Ballast,Railway,m3,1714.211097942363
2025-12-27,Terrain leveling,Building,m3,104.40249936963075
2025-05-29,Removing trees,Building,m2,74.68962373729626
2025-06-13,Walling,Building,m2,4882.437615186533
2025-11-08,Anchorage,Railway,m2,2274.0723900788357
2025-05-25,Cement making,Building,m3,2121.857158331147
2025-02-07,Pavement,Road,m2,2728.5481743771134
2025-11-07,Iron mining,Railway,m3,141.7917038728761
2025-07-06,Rolling/Tractor,Road,m2,103.13229426102521
2025-01-11,Iron mining,Railway,m3,4155.619832813941
2025-01-18,Subbase application,Road,m2,3791.5600412986196
2025-06-13,Coat preparation,Road,L,771.7793478432733
2025-09-18,Iron mining,Railway,m3,4542.478924900062
2025-10-01,Foundation pouring,Building,m3,620.9079781642912
2025-07-19,Iron mining,Railway,m3,3460.8888149616855
2025-08-15,Walling,Building,m2,3351.889273224256
2025-04-27,Iron mining,Railway,m3,2770.290252776527
2025-12-04,Foundation pouring,Building,m3,4714.101595612219
2025-03-19,Subbase application,Road,m2,1405.7759270290871
2025-07-29,Foundation pouring,Building,m3,1595.0688578108263
2025-02-03,Rolling/Tractor,Road,m2,2827.775852710754
2025-06-06,Anchorage,Railway,m2,3966.690620506657
2025-03-27,Anchorage,Railway,m2,2616.169791394599
2025-11-20,Terrain leveling,Building,m3,4198.521914501876
2025-02-01,Anchorage,Railway,m2,4000.2020694952407
2025-07-30,Foundation pouring,Building,m3,2096.8341073393567
2025-06-08,Laying steel rail,Railway,m,4685.647012017399
2025-02-10,Iron mining,Railway,m3,4031.410067006419
2025-12-27,Iron mining,Railway,m3,3200.920898821708
2025-11-03,Rolling/Tractor,Road,m2,1310.5999517414668
2025-10-28,Cement making,Building,m3,4651.643335404953
2025-05-02,Terrain leveling,Building,m3,1485.842480556967
2025-08-10,Cement making,Building,m3,4761.20311128938
2025-09-01,Subbase application,Road,m2,2920.7768474566583
2025-11-14,Terrain leveling,Building,m3,2505.267265089703
2025-01-27,Pavement,Road,m2,1892.7369091659934
2025-06-18,Rolling/Tractor,Road,m2,1502.3105116790202
2025-04-13,Anchorage,Railway,m2,835.7155135675775
2025-01-30,Rolling/Tractor,Road,m2,1690.9801550609222
2025-05-01,Walling,Building,m2,4448.074816903137
2025-10-30,Rolling/Tractor,Road,m2,2158.624315019826
2025-04-27,Foundation pouring,Building,m3,2123.9801862441336
2025-02-22,Walling,Building,m2,4343.17952427961
2025-11-11,Laying steel rail,Railway,m,3107.7757343918356
2025-07-31,Coat preparation,Road,L,4131.779639313135
2025-05-25,Rolling/Tractor,Road,m2,1482.6618800519186
2025-07-11,Foundation pouring,Building,m3,652.2368056424243
2025-11-11,Terrain leveling,Building,m3,3390.8546481691947
2025-10-04,Iron mining,Railway,m3,1185.6383484744608
2025-06-03,Ballast,Railway,m3,2028.0222844303414
2025-02-02,Cement making,Building,m3,2616.792620189291
2025-01-30,Pavement,Road,m2,2980.7261236727927
2025-12-29,Subbase application,Road,m2,3040.5669828517193
2025-05-11,Laying steel rail,Railway,m,3386.7104610309816
2025-04-17,Coat preparation,Road,L,2522.1231851230846
2025-05-11,Terrain leveling,Building,m3,3433.462151019525
2025-08-31,Walling,Building,m2,2892.8671045907495
2025-08-15,Coat preparation,Road,L,4594.112720338079
2025-05-18,Subbase application,Road,m2,786.1492229404943
2025-01-05,Pavement,Road,m2,189.50564656877611
2025-01-16,Iron mining,Railway,m3,4671.339586235725
2025-10-02,Coat preparation,Road,L,3803.4686436122456
2025-01-12,Ballast,Railway,m3,1335.1662718581065
2025-02-02,Rolling/Tractor,Road,m2,3441.7891110908117
2025-08-24,Removing trees,Building,m2,4347.846744348024
2025-04-10,Walling,Building,m2,4275.202896904264
2025-02-12,Removing trees,Building,m2,410.63297728600514
2025-09-23,Rolling/Tractor,Road,m2,3238.4003140815894
2025-08-12,Removing trees,Building,m2,3842.369894846385
2025-09-17,Laying steel rail,Railway,m,1550.498158839339
2025-04-28,Rolling/Tractor,Road,m2,1666.3615468353266
2025-03-08,Ballast,Railway,m3,3491.884548695854
2025-12-08,Foundation pouring,Building,m3,2005.440561876946
2025-11-02,Removing trees,Building,m2,116.44866397681974
2025-11-24,Subbase application,Road,m2,1592.21326933913
2025-10-12,Cement making,Building,m3,1329.9667441915087
2025-04-29,Laying steel rail,Railway,m,4821.959477458659
2025-10-13,Laying steel rail,Railway,m,4242.208751536357
2025-01-13,Terrain leveling,Building,m3,4695.9080318215565
2025-05-08,Ballast,Railway,m3,453.9231637064939
2025-08-04,Pavement,Road,m2,1360.2967439883746
2025-07-07,Anchorage,Railway,m2,2006.3697158481752
2025-12-12,Iron mining,Railway,m3,2488.8180893897625
2025-10-28,Coat preparation,Road,L,4871.027307793923
2025-08-18,Ballast,Railway,m3,3089.2031775282085
2025-07-16,Subbase application,Road,m2,3845.367811049326
2025-06-15,Iron mining,Railway,m3,4154.618423014387
2025-10-27,Cement making,Building,m3,2536.439180514788
2025-04-21,Coat preparation,Road,L,2002.442527014906
2025-01-25,Iron mining,Railway,m3,2231.0473623791904
2025-04-04,Foundation pouring,Building,m3,4831.430763814302
2025-10-23,Anchorage,Railway,m2,2077.6041607567454
2025-12-04,Iron mining,Railway,m3,2527.187701962886
2025-12-28,Cement making,Building,m3,2332.5729722228043
2025-04-08,Terrain leveling,Building,m3,4708.600139772839
2025-03-21,Anchorage,Railway,m2,4880.671023818624
2025-08-01,Walling,Building,m2,3447.1098487634604
2025-03-09,Coat preparation,Road,L,4733.706090489874
2025-12-06,Iron mining,Railway,m3,3628.503740009913
2025-06-22,Cement making,Building,m3,4393.635031707738
2025-11-14,Ballast,Railway,m3,4044.7169605226413
2025-04-01,Laying steel rail,Railway,m,461.0288286173636
2025-08-13,Laying steel rail,Railway,m,1591.8000718886676
2025-03-16,Terrain leveling,Building,m3,4544.858623819967
2025-08-06,Laying steel rail,Railway,m,3359.885451335393
2025-10-31,Foundation pouring,Building,m3,732.0224142687648
2025-02-24,Laying steel rail,Railway,m,491.2818818520176
2025-04-12,Removing trees,Building,m2,4688.3135047757005
2025-05-14,Anchorage,Railway,m2,2872.6602874142777
2025-12-20,Pavement,Road,m2,3953.9733144427105
2025-10-27,Anchorage,Railway,m2,1545.0060510039555
2025-04-11,Terrain leveling,Building,m3,4468.338669823211
2025-03-20,Laying steel rail,Railway,m,1048.2792287609054
2025-05-07,Pavement,Road,m2,595.5043070618776
2025-05-01,Pavement,Road,m2,1263.6314025848599
2025-02-04,Anchorage,Railway,m2,3446.899609874009
2025-12-10,Laying steel rail,Railway,m,3031.0149269023723
2025-08-27,Cement making,Building,m3,2612.0961265579995
2025-07-23,Foundation pouring,Building,m3,1369.9008471219427
2025-12-28,Rolling/Tractor,Road,m2,2255.2811381908487
2025-04-04,Cement making,Building,m3,340.8049300442223
2025-04-29,Removing trees,Building,m2,3135.284974563394
2025-07-22,Cement making,Building,m3,4889.966408356283
2025-03-12,Terrain leveling,Building,m3,4419.843124474326
2025-07-29,Cement making,Building,m3,3712.7785047208854
2025-09-08,Cement making,Building,m3,4132.294109714743
2025-07-06,Iron mining,Railway,m3,1656.7595924012835
2025-06-07,Removing trees,Building,m2,867.9099176994537
2025-11-22,Terrain leveling,Building,m3,2224.667421348246
2025-07-25,Rolling/Tractor,Road,m2,4708.675044579969
2025-04-23,Anchorage,Railway,m2,1704.867577431729
2025-05-19,Coat preparation,Road,L,2445.063350549294
2025-01-30,Terrain leveling,Building,m3,3580.723649417728
2025-10-06,Cement making,Building,m3,661.1063861757988
2025-10-24,Subbase application,Road,m2,4494.387886043871
2025-10-11,Iron mining,Railway,m3,4569.052609139591
2025-09-10,Subbase application,Road,m2,3863.148419993877
2025-07-11,Subbase application,Road,m2,1790.8172677669631
2025-12-28,Ballast,Railway,m3,577.9857306095793
2025-05-12,Cement making,Building,m3,2408.229372506877
2025-08-23,Removing trees,Building,m2,223.16940508261717
2025-02-17,Ballast,Railway,m3,2360.1738921155256
2025-10-25,Pavement,Road,m2,220.89084916707137
2025-04-12,Rolling/Tractor,Road,m2,4703.863030007833
2025-10-20,Laying steel rail,Railway,m,1863.78710192399
2025-02-18,Pavement,Road,m2,1915.7863521452484
2025-11-23,Iron mining,Railway,m3,597.8259727128233
2025-08-17,Removing trees,Building,m2,4555.885118588704
2025-03-06,Pavement,Road,m2,3264.8431269595203
2025-08-25,Foundation pouring,Building,m3,3511.0657666584634
2025-12-21,Foundation pouring,Building,m3,4523.868781595698
2025-12-23,Removing trees,Building,m2,1160.5587071667717
2025-03-18,Foundation pouring,Building,m3,3918.4465639846717
2025-11-14,Foundation pouring,Building,m3,4139.478584490445
2025-07-03,Walling,Building,m2,4228.003931333379
2025-06-26,Iron mining,Railway,m3,2626.261555174434
2025-06-20,Walling,Building,m2,878.9262720482183
2025-10-15,Cement making,Building,m3,2936.818485307413
2025-11-21,Rolling/Tractor,Road,m2,3448.6336755251596
2025-12-22,Cement making,Building,m3,1600.0196077831174
2025-02-14,Walling,Building,m2,4186.362132891786
2025-07-03,Cement making,Building,m3,1426.63501624323
2025-05-10,Ballast,Railway,m3,119.56966094534837
2025-12-28,Rolling/Tractor,Road,m2,2512.6213422928795
2025-06-02,Terrain leveling,Building,m3,696.37811147241
2025-11-30,Anchorage,Railway,m2,1767.5286562492654
2025-10-24,Foundation pouring,Building,m3,123.0385499537412
2025-02-01,Laying steel rail,Railway,m,1794.089162073974
2025-11-17,Rolling/Tractor,Road,m2,4041.264476639332
2025-11-05,Removing trees,Building,m2,3614.341563180972
2025-10-24,Pavement,Road,m2,12.991446368683658
2025-12-12,Removing trees,Building,m2,423.97876406966407
2025-10-02,Foundation pouring,Building,m3,2358.6308884776013
2025-07-09,Anchorage,Railway,m2,2827.3459300829913
2025-02-20,Removing trees,Building,m2,3257.5144941347926
2025-03-09,Rolling/Tractor,Road,m2,1662.4239399300889
2025-12-21,Pavement,Road,m2,1053.6701947092852
2025-06-12,Foundation pouring,Building,m3,854.3492377057848
2025-07-03,Terrain leveling,Building,m3,413.39511095245143
2025-03-06,Terrain leveling,Building,m3,758.0386605373058
2025-01-18,Coat preparation,Road,L,209.7507841123314
2025-04-20,Removing trees,Building,m2,2170.2078727807157
2025-09-08,Foundation pouring,Building,m3,3728.909507362246
2025-08-21,Iron mining,Railway,m3,2847.7332212106908
2025-12-28,Laying steel rail,Railway,m,329.4355623013123
2025-01-30,Cement making,Building,m3,3686.560209922145
2025-03-15,Removing trees,Building,m2,972.6498341133711
2025-10-02,Terrain leveling,Building,m3,151.1984783891046
2025-12-01,Removing trees,Building,m2,874.1572086275906
2025-03-14,Iron mining,Railway,m3,4541.661576045661
2025-11-04,Cement making,Building,m3,1806.7218254189831
2025-07-06,Terrain leveling,Building,m3,4919.254188479361
2025-09-07,Subbase application,Road,m2,3575.6660676891456
2025-06-07,Ballast,Railway,m3,2146.0212399785296
2025-07-01,Foundation pouring,Building,m3,2761.8977599794516
2025-12-21,Rolling/Tractor,Road,m2,420.4572788614452
2025-10-03,Terrain leveling,Building,m3,1715.9954884531414
2025-10-21,Coat preparation,Road,L,794.1156802701188
2025-10-12,Pavement,Road,m2,3830.3218582543454
2025-07-16,Pavement,Road,m2,3544.3058073677853
2025-06-05,Laying steel rail,Railway,m,2515.075294506537
2025-05-21,Pavement,Road,m2,2555.769246523647
2025-07-12,Subbase application,Road,m2,868.1173214402149
2025-02-08,Laying steel rail,Railway,m,4362.0751870265385
2025-05-09,Terrain leveling,Building,m3,2426.2558765675394
2025-10-06,Iron mining,Railway,m3,1532.8656843591943
2025-05-24,Laying steel rail,Railway,m,3395.7575526358064
2025-01-09,Rolling/Tractor,Road,m2,217.76425486331908
2025-09-20,Foundation pouring,Building,m3,4519.887538956018
2025-09-25,Laying steel rail,Railway,m,1907.8730496962155
2025-07-07,Foundation pouring,Building,m3,1998.317896629458
2025-04-17,Rolling/Tractor,Road,m2,4621.826412875056
2025-03-22,Anchorage,Railway,m2,3233.7333973270083
2025-01-07,Rolling/Tractor,Road,m2,2520.2371489460434
2025-08-28,Ballast,Railway,m3,3360.7348829023986
2025-02-14,Foundation pouring,Building,m3,4389.305605663318
2025-08-03,Coat preparation,Road,L,4586.377378467259
2025-04-23,Anchorage,Railway,m2,985.0143026124214
2025-12-29,Subbase application,Road,m2,4024.9558339007453
2025-03-04,Cement making,Building,m3,2101.6915263919527
2025-07-31,Removing trees,Building,m2,4485.920447741588
2025-02-12,Pavement,Road,m2,3615.1911201275743
2025-07-13,Ballast,Railway,m3,1226.3695129106927
2025-04-02,Ballast,Railway,m3,78.25710952313602
2025-12-09,Subbase application,Road,m2,4021.140842568576
2025-10-06,Removing trees,Building,m2,3624.952059551948
2025-12-04,Removing trees,Building,m2,656.1687545164358
2025-01-09,Pavement,Road,m2,1617.8301426010844
2025-03-27,Removing trees,Building,m2,3595.9293112198316
2025-11-30,Terrain leveling,Building,m3,4275.733213749582
2025-08-15,Walling,Building,m2,1704.3006990015947
2025-06-30,Coat preparation,Road,L,315.90370106333364
2025-04-29,Laying steel rail,Railway,m,2460.1903221641855
2025-08-09,Foundation pouring,Building,m3,780.2138085421856
2025-01-28,Iron mining,Railway,m3,664.4194729620373
2025-07-04,Subbase application,Road,m2,3774.6799595522257
2025-10-14,Subbase application,Road,m2,1601.534233343373
2025-04-26,Pavement,Road,m2,4901.473183314773
2025-03-19,Terrain leveling,Building,m3,1527.764706424556
2025-04-13,Cement making,Building,m3,4005.089845617186
2025-07-30,Anchorage,Railway,m2,1091.9687247975362
2025-02-09,Coat preparation,Road,L,4275.358124346677
2025-05-15,Rolling/Tractor,Road,m2,2357.1452147608857
2025-05-14,Ballast,Railway,m3,3270.024758089313
2025-01-03,Laying steel rail,Railway,m,2832.4298804165264
2025-11-24,Removing trees,Building,m2,4543.67615077234
2025-05-31,Foundation pouring,Building,m3,2815.217579701643
2025-09-18,Rolling/Tractor,Road,m2,1036.964293906616
2025-05-06,Rolling/Tractor,Road,m2,1205.3755708868514
2025-03-29,Subbase application,Road,m2,1414.1514342812816
2025-02-13,Rolling/Tractor,Road,m2,223.00403049450134
2025-08-11,Iron mining,Railway,m3,95.87555548708771
2025-03-23,Coat preparation,Road,L,2431.798922343184
2025-09-08,Walling,Building,m2,1760.150423364487
2025-06-30,Terrain leveling,Building,m3,2545.104427609375
2025-05-04,Iron mining,Railway,m3,2754.70892946183
2025-06-20,Iron mining,Railway,m3,3433.899011144195
2025-10-20,Terrain leveling,Building,m3,2839.0028235183067
2025-04-14,Cement making,Building,m3,1937.3141231565144
2025-01-17,Rolling/Tractor,Road,m2,1350.007857071079
2025-01-27,Terrain leveling,Building,m3,2728.282096056187
2025-04-19,Walling,Building,m2,1642.3160187679086
2025-09-11,Ballast,Railway,m3,1950.3663671123666
2025-03-11,Removing trees,Building,m2,1104.0958915585975
2025-08-28,Coat preparation,Road,L,4316.94731698096
2025-04-24,Rolling/Tractor,Road,m2,2295.0010486827327
2025-03-10,Terrain leveling,Building,m3,160.277801280993
2025-03-09,Pavement,Road,m2,2623.00065077132
2025-01-01,Coat preparation,Road,L,704.4446458914427
2025-03-22,Cement making,Building,m3,3291.7962512553026
2025-01-10,Ballast,Railway,m3,891.2806850518634
2025-06-05,Walling,Building,m2,1060.71806914328
2025-01-20,Walling,Building,m2,3049.4745319162535
2025-05-08,Iron mining,Railway,m3,3200.898170688512
2025-05-22,Removing trees,Building,m2,4811.585737720172
2025-12-03,Walling,Building,m2,4175.617965309275
2025-04-27,Pavement,Road,m2,57.83394999517133
2025-01-21,Coat preparation,Road,L,3273.877953978145
2025-11-20,Coat preparation,Road,L,3515.226665774811
2025-11-28,Pavement,Road,m2,2173.7342800460174
2025-06-26,Laying steel rail,Railway,m,2540.9926809510803
2025-06-24,Foundation pouring,Building,m3,3179.3814796745746
2025-07-21,Foundation pouring,Building,m3,2754.993581788535
2025-07-03,Walling,Building,m2,3371.380238843192
2025-09-29,Iron mining,Railway,m3,2600.720329258502
2025-11-09,Pavement,Road,m2,1825.1824293254904
2025-07-25,Rolling/Tractor,Road,m2,2761.972606253632
2025-07-01,Foundation pouring,Building,m3,1315.9759073328014
2025-08-12,Coat preparation,Road,L,155.06481614286582
2025-11-22,Subbase application,Road,m2,3948.9790543110944
2025-08-04,Subbase application,Road,m2,3076.4661948663243
2025-07-28,Ballast,Railway,m3,1079.1659089894224
2025-09-03,Ballast,Railway,m3,4994.616183143932
2025-12-27,Removing trees,Building,m2,4842.891473114222
2025-10-17,Subbase application,Road,m2,2523.0750140191567
2025-12-10,Terrain leveling,Building,m3,4980.256046326537
2025-03-21,Removing trees,Building,m2,4750.373791287727
2025-05-12,Foundation pouring,Building,m3,229.94319878594405
2025-05-22,Subbase application,Road,m2,2389.4819669613544
2025-06-30,Terrain leveling,Building,m3,1010.6891671933321
2025-08-31,Terrain leveling,Building,m3,3065.666380220444
2025-02-08,Terrain leveling,Building,m3,932.8734330390398
2025-02-08,Terrain leveling,Building,m3,2513.986366273625
2025-08-29,Removing trees,Building,m2,711.7263322729866
2025-04-17,Subbase application,Road,m2,2894.4580264598803
2025-03-17,Laying steel rail,Railway,m,2566.4540077509614
2025-11-05,Terrain leveling,Building,m3,851.0917765170484
2025-03-05,Ballast,Railway,m3,2207.697156840858
2025-11-18,Pavement,Road,m2,2197.0046379898513
2025-02-22,Terrain leveling,Building,m3,4044.050257123449
2025-07-18,Iron mining,Railway,m3,2167.463952875246
2025-09-21,Cement making,Building,m3,3516.1248491145834
2025-10-30,Walling,Building,m2,3371.2109807078546
2025-05-20,Rolling/Tractor,Road,m2,217.48696726181794
2025-03-02,Cement making,Building,m3,822.326131299766
2025-12-10,Foundation pouring,Building,m3,1143.729615105008
2025-06-14,Subbase application,Road,m2,3544.16796300442
2025-07-01,Rolling/Tractor,Road,m2,3466.352317992282
2025-01-09,Cement making,Building,m3,1106.873760122536
2025-11-28,Subbase application,Road,m2,4333.758836484796
2025-04-26,Laying steel rail,Railway,m,353.2352583807535
2025-10-25,Rolling/Tractor,Road,m2,1518.6900084878669
2025-06-17,Coat preparation,Road,L,1356.5438978133436
2025-06-04,Coat preparation,Road,L,1155.2856162757714
2025-12-13,Pavement,Road,m2,2069.6649661925067
2025-09-22,Pavement,Road,m2,4219.603198052809
2025-05-16,Anchorage,Railway,m2,7.982923858292912
2025-08-13,Walling,Building,m2,3919.066601214415
2025-05-10,Ballast,Railway,m3,1860.1472850732898
2025-08-18,Coat preparation,Road,L,367.6119478219092
2025-03-28,Ballast,Railway,m3,2949.3172374081096
2025-05-13,Laying steel rail,Railway,m,3167.2409008554696
2025-08-04,Subbase application,Road,m2,3642.7898636219325
2025-06-03,Coat preparation,Road,L,2110.677607873379
2025-11-01,Cement making,Building,m3,1907.8345970627263
2025-12-04,Terrain leveling,Building,m3,1715.6008230934117
2025-01-11,Cement making,Building,m3,1373.9253040550764
2025-11-29,Removing trees,Building,m2,3734.6266498320565
2025-04-21,Ballast,Railway,m3,3233.4453742213154
2025-10-11,Cement making,Building,m3,2927.3586227757733
2025-09-09,Removing trees,Building,m2,4700.777418824315
2025-03-09,Rolling/Tractor,Road,m2,3986.2779383550246
2025-09-08,Removing trees,Building,m2,269.29961727237384
2025-04-11,Rolling/Tractor,Road,m2,566.2785179965118
2025-10-18,Iron mining,Railway,m3,1732.3939842167752
2025-02-23,Anchorage,Railway,m2,1351.8970446069195
2025-02-03,Terrain leveling,Building,m3,552.6919248749779
2025-01-16,Ballast,Railway,m3,1214.7397184803244
2025-07-22,Removing trees,Building,m2,4217.391940761657
2025-10-07,Terrain leveling,Building,m3,4958.671538650778
2025-01-03,Anchorage,Railway,m2,1359.8978131659285
2025-05-10,Laying steel rail,Railway,m,4348.741077461943
2025-02-17,Anchorage,Railway,m2,1671.9409608489088
2025-06-13,Rolling/Tractor,Road,m2,4982.722181096303
2025-07-08,Coat preparation,Road,L,3597.838601332575
2025-08-19,Removing trees,Building,m2,4737.052936261482
2025-11-25,Terrain leveling,Building,m3,3975.043768166183
2025-11-02,Anchorage,Railway,m2,631.7338106461912
2025-12-27,Laying steel rail,Railway,m,4753.483149389106
2025-04-15,Rolling/Tractor,Road,m2,1875.667226392791
2025-02-09,Terrain leveling,Building,m3,1640.5572219285214
2025-03-24,Subbase application,Road,m2,923.6118577805574
2025-11-01,Cement making,Building,m3,1538.6503521167056
2025-09-25,Subbase application,Road,m2,1681.3923314699418
2025-05-10,Subbase application,Road,m2,4386.527360163095
2025-12-12,Rolling/Tractor,Road,m2,3604.6395472319514
2025-04-13,Ballast,Railway,m3,2013.3862567648337
2025-03-07,Foundation pouring,Building,m3,1649.884292374283
2025-09-19,Ballast,Railway,m3,1752.2965494707803
2025-12-17,Iron mining,Railway,m3,641.4310809482171
2025-02-17,Iron mining,Railway,m3,335.3440454840334
2025-12-01,Coat preparation,Road,L,2133.6023777444702
2025-09-13,Laying steel rail,Railway,m,4362.474982700786
2025-08-19,Cement making,Building,m3,4780.547493423358
2025-01-29,Subbase application,Road,m2,4865.608360696357
2025-08-06,Rolling/Tractor,Road,m2,3314.1195479422586
2025-08-17,Ballast,Railway,m3,1004.2467854374726
2025-02-26,Ballast,Railway,m3,697.9602702724635
2025-05-07,Foundation pouring,Building,m3,2163.155946024104
2025-07-12,Pavement,Road,m2,4830.917270534693
2025-12-20,Subbase application,Road,m2,4970.619775422054
2025-09-30,Anchorage,Railway,m2,1257.6210418453065
2025-03-03,Terrain leveling,Building,m3,420.6604901856964
2025-08-02,Rolling/Tractor,Road,m2,2885.237056549036
2025-07-16,Pavement,Road,m2,3127.106976919504
2025-08-26,Iron mining,Railway,m3,4364.212456137671
2025-02-08,Terrain leveling,Building,m3,1133.6004980603047
2025-08-07,Coat preparation,Road,L,2962.756398456431
2025-06-11,Terrain leveling,Building,m3,2882.960661131834
2025-06-20,Ballast,Railway,m3,3829.7290358091545
2025-01-27,Walling,Building,m2,2252.6410489524656
2025-03-22,Laying steel rail,Railway,m,112.80353444838242
2025-07-18,Terrain leveling,Building,m3,690.4649209717923
2025-12-12,Iron mining,Railway,m3,3576.8540217059353
2025-08-07,Pavement,Road,m2,4746.015779078271
2025-05-06,Laying steel rail,Railway,m,2984.520062808031
2025-03-13,Pavement,Road,m2,856.9244098640249
2025-07-13,Foundation pouring,Building,m3,3374.171193374948
2025-11-30,Pavement,Road,m2,2394.1458918457924
2025-11-19,Iron mining,Railway,m3,2551.8250457142026
2025-01-04,Rolling/Tractor,Road,m2,333.8672639195994
2025-02-19,Anchorage,Railway,m2,1139.069749887075
2025-05-13,Cement making,Building,m3,1752.9868327083914
2025-07-29,Removing trees,Building,m2,1659.2302147548926
2025-10-21,Cement making,Building,m3,3746.618623554504
2025-08-30,Subbase application,Road,m2,1653.7698531983008
2025-10-12,Laying steel rail,Railway,m,555.6051428743691
2025-09-23,Foundation pouring,Building,m3,2189.5017306520554
2025-11-14,Removing trees,Building,m2,3244.7773833198657
2025-07-22,Cement making,Building,m3,4318.218541937527
2025-09-21,Pavement,Road,m2,3373.243324821905
2025-08-13,Laying steel rail,Railway,m,2791.8583161067913
2025-04-23,Foundation pouring,Building,m3,4790.267637814565
2025-04-19,Pavement,Road,m2,3310.6746044650677
2025-08-04,Laying steel rail,Railway,m,3127.6392961725296
2025-12-20,Laying steel rail,Railway,m,1715.8410064606921
2025-07-02,Ballast,Railway,m3,1254.5141387191604
2025-06-12,Coat preparation,Road,L,2242.621871703208
2025-03-19,Subbase application,Road,m2,1035.624036118858
2025-07-07,Coat preparation,Road,L,1371.185801000349
2025-06-28,Anchorage,Railway,m2,3169.927230227346
2025-12-21,Laying steel rail,Railway,m,2079.221017425365
2025-11-06,Laying steel rail,Railway,m,775.0302145847904
2025-01-20,Foundation pouring,Building,m3,3777.9750620453233
2025-05-24,Laying steel rail,Railway,m,173.26504301116984
2025-01-06,Pavement,Road,m2,749.8293678278994
2025-03-25,Anchorage,Railway,m2,87.70124475323104
2025-08-26,Pavement,Road,m2,4084.0390581467504
2025-03-02,Walling,Building,m2,89.57039243177644
2025-01-28,Terrain leveling,Building,m3,495.1892545191239
2025-09-17,Ballast,Railway,m3,4680.898188829356
2025-10-16,Walling,Building,m2,2808.0250602436736
2025-05-17,Foundation pouring,Building,m3,3235.2684679043714
2025-10-08,Removing trees,Building,m2,4588.705562346108
2025-09-29,Foundation pouring,Building,m3,152.6600828238045
2025-01-28,Coat preparation,Road,L,1416.7445227157466
2025-01-13,Coat preparation,Road,L,1867.638304530196
2025-09-28,Cement making,Building,m3,3628.803964869233
2025-04-05,Pavement,Road,m2,2749.681305222354
2025-01-11,Laying steel rail,Railway,m,264.3576831019928
2025-02-23,Iron mining,Railway,m3,3775.257354968623
2025-02-11,Rolling/Tractor,Road,m2,3127.6802980838975
2025-11-27,Walling,Building,m2,4068.0259575289974
2025-02-05,Anchorage,Railway,m2,2808.6463563096
2025-02-26,Foundation pouring,Building,m3,4790.150967005443
2025-03-07,Coat preparation,Road,L,3618.822471480261
2025-12-12,Ballast,Railway,m3,3327.509812292351
2025-05-23,Laying steel rail,Railway,m,376.07498059889275
2025-04-04,Iron mining,Railway,m3,2507.259306541632
2025-05-21,Foundation pouring,Building,m3,1971.5087331846792
2025-09-02,Cement making,Building,m3,3589.8341149858443
2025-01-14,Foundation pouring,Building,m3,2572.5307767289924
2025-04-15,Iron mining,Railway,m3,2720.4702503261474
2025-08-18,Pavement,Road,m2,3035.051499078827
2025-08-07,Cement making,Building,m3,248.56871678174298
2025-04-03,Iron mining,Railway,m3,4730.584089776737
2025-11-21,Coat preparation,Road,L,1026.8464592866167
2025-01-02,Removing trees,Building,m2,4138.882205837686
2025-12-22,Laying steel rail,Railway,m,1295.8339532236207
2025-02-10,Terrain leveling,Building,m3,546.8009688477593
2025-07-09,Ballast,Railway,m3,4711.809780173132
2025-10-16,Foundation pouring,Building,m3,1346.6382970936074
2025-05-24,Laying steel rail,Railway,m,4266.043199262646
2025-12-08,Ballast,Railway,m3,294.0886414952193
2025-01-27,Coat preparation,Road,L,4407.9284873131
2025-04-25,Walling,Building,m2,703.2356367557896
2025-01-24,Ballast,Railway,m3,4371.323689721297
2025-11-13,Rolling/Tractor,Road,m2,2694.2466755513788
2025-12-26,Coat preparation,Road,L,1118.5846047301634
2025-06-09,Pavement,Road,m2,23.4803172658693
2025-09-18,Iron mining,Railway,m3,2176.2403406341978
2025-09-25,Pavement,Road,m2,1704.8464473630215
2025-02-05,Walling,Building,m2,2015.1829944689082
2025-04-15,Coat preparation,Road,L,2049.0939618261527
2025-11-07,Removing trees,Building,m2,2211.2079527464352
2025-09-08,Rolling/Tractor,Road,m2,3112.2507981812482
2025-08-04,Anchorage,Railway,m2,2952.6956952713203
2025-06-07,Rolling/Tractor,Road,m2,3048.094941798861
2025-11-23,Anchorage,Railway,m2,1194.4808929121086
2025-05-09,Anchorage,Railway,m2,4929.03733297182
2025-05-11,Laying steel rail,Railway,m,1903.2171270030697
2025-03-25,Coat preparation,Road,L,2146.3024156636598
2025-08-06,Anchorage,Railway,m2,1021.8719274608401
2025-03-10,Anchorage,Railway,m2,169.27885632611773
2025-12-27,Ballast,Railway,m3,480.8416676946603
2025-07-20,Foundation pouring,Building,m3,865.2952469292042
2025-02-09,Ballast,Railway,m3,2391.354548324502
2025-10-20,Walling,Building,m2,619.0839591021141
2025-11-26,Removing trees,Building,m2,423.55313883864545
2025-02-01,Terrain leveling,Building,m3,4494.483493766707
2025-03-02,Walling,Building,m2,4856.466302431221
2025-08-15,Cement making,Building,m3,732.4928540917558
2025-05-12,Cement making,Building,m3,3308.952738981559
2025-09-15,Subbase application,Road,m2,2047.0148251976427
2025-12-20,Terrain leveling,Building,m3,3247.9329989184002
2025-11-26,Removing trees,Building,m2,1764.2706518651275
2025-04-18,Walling,Building,m2,4910.533193518416
2025-01-22,Pavement,Road,m2,4640.064780705955
2025-09-07,Removing trees,Building,m2,3767.196833774697
2025-08-08,Walling,Building,m2,2701.335290931501
2025-08-03,Foundation pouring,Building,m3,449.83897095527635
2025-06-17,Laying steel rail,Railway,m,3199.6241867822987
2025-09-12,Removing trees,Building,m2,638.534128932195
2025-10-26,Iron mining,Railway,m3,1473.5027481741342
2025-08-23,Pavement,Road,m2,3567.2362468211636
2025-07-28,Foundation pouring,Building,m3,418.2213288623943
2025-06-04,Terrain leveling,Building,m3,1008.2116177373862
2025-08-28,Removing trees,Building,m2,2311.9258699971533
2025-12-17,Rolling/Tractor,Road,m2,120.14897015811043
2025-12-26,Walling,Building,m2,3891.08515318598
2025-10-02,Pavement,Road,m2,1799.631520379757
2025-05-24,Cement making,Building,m3,2980.051663773977
2025-01-01,Foundation pouring,Building,m3,2922.5002452018043
2025-10-28,Iron mining,Railway,m3,2322.0764398691977
2025-01-30,Rolling/Tractor,Road,m2,2472.680969270125
2025-07-15,Cement making,Building,m3,3927.1144441715933
2025-07-05,Anchorage,Railway,m2,262.7300903923202
2025-11-17,Laying steel rail,Railway,m,4625.284087260049
2025-05-23,Coat preparation,Road,L,2093.5022043195813
2025-03-04,Pavement,Road,m2,208.1276314285707
2025-04-18,Iron mining,Railway,m3,4480.144979997614
2025-06-25,Ballast,Railway,m3,2651.504347009207
2025-11-29,Coat preparation,Road,L,2797.6621405827796
2025-04-12,Rolling/Tractor,Road,m2,1277.0352486870745
2025-07-11,Laying steel rail,Railway,m,2040.4861204796543
2025-05-19,Walling,Building,m2,2140.8899630744654
2025-07-18,Coat preparation,Road,L,4625.207099024948
2025-05-04,Removing trees,Building,m2,3491.125055724858
2025-08-08,Pavement,Road,m2,3431.487528702197
2025-03-16,Terrain leveling,Building,m3,3343.878762481215
2025-05-26,Terrain leveling,Building,m3,3820.3437399882773
2025-05-20,Subbase application,Road,m2,365.00480565058444
2025-12-29,Rolling/Tractor,Road,m2,4797.8250311537
2025-12-26,Coat preparation,Road,L,2562.0792744564997
2025-12-09,Terrain leveling,Building,m3,3021.498445885906
2025-01-14,Subbase application,Road,m2,1281.3847045200748
2025-06-27,Ballast,Railway,m3,3552.245362479116
2025-02-05,Cement making,Building,m3,3639.1112720746455
2025-04-05,Anchorage,Railway,m2,2319.263537881063
2025-08-31,Ballast,Railway,m3,503.60813959829386
2025-11-21,Anchorage,Railway,m2,2235.790416706992
2025-07-20,Terrain leveling,Building,m3,4178.473152408381
2025-05-27,Ballast,Railway,m3,4930.245964797142
2025-09-15,Subbase application,Road,m2,4941.3147405114705
2025-07-16,Terrain leveling,Building,m3,3654.9208766090924
2025-04-16,Rolling/Tractor,Road,m2,4981.32216280838
2025-02-13,Anchorage,Railway,m2,224.09306729787636
2025-08-14,Cement making,Building,m3,1195.8166952288607
2025-07-25,Pavement,Road,m2,796.9717012515958
2025-03-22,Rolling/Tractor,Road,m2,2881.629472537356
2025-09-02,Laying steel rail,Railway,m,48.977790748976346
2025-06-22,Foundation pouring,Building,m3,4955.715744277904
2025-07-06,Coat preparation,Road,L,2217.7591075343134
2025-03-09,Removing trees,Building,m2,1809.4895659713816
2025-03-02,Anchorage,Railway,m2,1727.5823706294257
2025-04-30,Subbase application,Road,m2,3825.980920056982
2025-09-26,Anchorage,Railway,m2,2506.284919822872
2025-12-02,Rolling/Tractor,Road,m2,4535.433422810336
2025-04-26,Walling,Building,m2,2741.1286956865165
2025-09-13,Foundation pouring,Building,m3,3155.1536321705207
2025-08-12,Walling,Building,m2,3061.375783207929
2025-02-12,Ballast,Railway,m3,3139.417973751839
2025-06-21,Pavement,Road,m2,2983.2601253231096
2025-04-28,Terrain leveling,Building,m3,3375.543846116293
2025-10-30,Cement making,Building,m3,763.7191814380224
2025-03-20,Laying steel rail,Railway,m,4807.730840135666
2025-06-18,Terrain leveling,Building,m3,548.5890869039106
2025-04-01,Walling,Building,m2,1790.2228264342002
2025-10-23,Foundation pouring,Building,m3,1194.1463155722986
2025-06-12,Subbase application,Road,m2,1089.3728687092641
2025-11-24,Terrain leveling,Building,m3,1322.4806002473033
2025-11-12,Ballast,Railway,m3,1628.316137508503
2025-07-21,Cement making,Building,m3,3835.1427477545967
2025-09-11,Terrain leveling,Building,m3,3240.549238947388
2025-06-10,Subbase application,Road,m2,1159.1500055006316
2025-01-14,Iron mining,Railway,m3,1546.5448847885928
2025-04-25,Subbase application,Road,m2,4197.450981975997
2025-05-15,Laying steel rail,Railway,m,3751.7222635059334
2025-10-25,Coat preparation,Road,L,2174.413979408973
2025-08-01,Terrain leveling,Building,m3,4580.158155616914
2025-01-14,Walling,Building,m2,2037.2611894844679
2025-04-24,Foundation pouring,Building,m3,4586.246630716494
2025-08-07,Rolling/Tractor,Road,m2,1637.4358652803066
2025-12-17,Walling,Building,m2,1840.345431138169
2025-06-27,Walling,Building,m2,771.8703688731338
2025-11-24,Walling,Building,m2,1062.930884323721
2025-11-30,Terrain leveling,Building,m3,3122.5712439248023
2025-06-04,Terrain leveling,Building,m3,3017.913122312789
2025-01-02,Iron mining,Railway,m3,862.8222620135839
2025-03-26,Terrain leveling,Building,m3,1686.9366710961576
2025-11-19,Subbase application,Road,m2,4977.920341883542
2025-04-18,Walling,Building,m2,2984.4537378233276
2025-11-23,Removing trees,Building,m2,4315.4233071298395
2025-11-06,Rolling/Tractor,Road,m2,3574.250440338845
2025-12-12,Anchorage,Railway,m2,781.4585470627744
2025-05-07,Terrain leveling,Building,m3,1482.433766475974
2025-08-18,Coat preparation,Road,L,3542.161862281073
2025-03-02,Anchorage,Railway,m2,424.5298983492735
2025-11-28,Foundation pouring,Building,m3,288.6180838578223
2025-01-02,Rolling/Tractor,Road,m2,1064.5679873465108
2025-04-21,Foundation pouring,Building,m3,654.9431976737352
2025-10-06,Walling,Building,m2,275.4490677244409
2025-03-11,Anchorage,Railway,m2,2426.955588762765
2025-04-10,Walling,Building,m2,2080.5476144924223
2025-03-08,Iron mining,Railway,m3,2787.1826908828707
2025-04-06,Laying steel rail,Railway,m,3518.737103820819
2025-08-08,Cement making,Building,m3,4164.0472456739935
2025-10-17,Laying steel rail,Railway,m,2615.630973767293
2025-09-08,Anchorage,Railway,m2,301.68409999445424
2025-02-17,Anchorage,Railway,m2,2873.923725829628
2025-10-28,Terrain leveling,Building,m3,564.0098324621217
2025-02-19,Foundation pouring,Building,m3,860.8036453261413
2025-07-17,Cement making,Building,m3,2713.862253880515
2025-12-18,Cement making,Building,m3,1200.3776155885066
2025-09-21,Coat preparation,Road,L,2056.0548810930864
2025-09-14,Iron mining,Railway,m3,2438.1587129068635
2025-09-16,Pavement,Road,m2,1852.2524449781374
2025-04-17,Iron mining,Railway,m3,181.54075742044583
2025-09-27,Ballast,Railway,m3,4865.24170393416
2025-02-02,Anchorage,Railway,m2,717.8441669766283
2025-03-27,Pavement,Road,m2,3189.381343992548
2025-06-26,Laying steel rail,Railway,m,3037.3367106619885
2025-10-15,Subbase application,Road,m2,4701.100085134259
2025-07-03,Coat preparation,Road,L,4144.367429361
2025-03-06,Subbase application,Road,m2,4405.95675041236
2025-12-10,Foundation pouring,Building,m3,2511.545894686817
2025-04-05,Pavement,Road,m2,2164.05481288681
2025-03-23,Anchorage,Railway,m2,1040.2469073463826
2025-07-19,Pavement,Road,m2,99.96818278595609
2025-09-28,Foundation pouring,Building,m3,1440.5155701634387
2025-02-28,Ballast,Railway,m3,912.5891209688853
2025-05-14,Subbase application,Road,m2,4273.940309127801
2025-05-13,Foundation pouring,Building,m3,3119.669598769561
2025-02-04,Iron mining,Railway,m3,2237.8898542235106
2025-11-12,Rolling/Tractor,Road,m2,1435.8435430616285
2025-05-09,Cement making,Building,m3,566.6788293966684
2025-11-07,Cement making,Building,m3,1285.5521575128037
2025-12-16,Iron mining,Railway,m3,3627.11743406622
2025-05-31,Iron mining,Railway,m3,4296.854328000647
2025-06-21,Walling,Building,m2,2069.280193654405
2025-05-05,Subbase application,Road,m2,3271.2955594570576
2025-10-29,Subbase application,Road,m2,2919.3120320350386
2025-01-12,Foundation pouring,Building,m3,1950.8923868565387
2025-09-05,Iron mining,Railway,m3,1165.2077439503184
2025-04-09,Terrain leveling,Building,m3,4137.319316724351
2025-04-06,Cement making,Building,m3,68.61474828188274
2025-03-19,Rolling/Tractor,Road,m2,2701.3728728488736
2025-07-08,Ballast,Railway,m3,3250.0908334547635
2025-08-16,Ballast,Railway,m3,4452.939054371387
2025-06-03,Walling,Building,m2,640.5253497815244
2025-07-12,Ballast,Railway,m3,4032.562015168612
2025-06-11,Ballast,Railway,m3,1500.613714307475
2025-03-04,Iron mining,Railway,m3,2104.265532711677
2025-11-23,Iron mining,Railway,m3,3700.738986268343
2025-04-08,Rolling/Tractor,Road,m2,453.8175492769364
2025-04-28,Removing trees,Building,m2,2377.1294870885417
2025-09-27,Rolling/Tractor,Road,m2,2764.8654391631267
2025-06-07,Cement making,Building,m3,2472.8484513528674
2025-12-22,Terrain leveling,Building,m3,3104.353739018354
2025-11-07,Ballast,Railway,m3,804.5451711930751
2025-04-26,Coat preparation,Road,L,3604.8392341347744
2025-01-17,Subbase application,Road,m2,422.83916729527584
2025-03-02,Coat preparation,Road,L,4700.533937896504
2025-12-22,Subbase application,Road,m2,4644.977022678983
2025-08-12,Iron mining,Railway,m3,131.34933630283285
2025-12-09,Anchorage,Railway,m2,3206.626103066969
2025-06-21,Walling,Building,m2,3959.4472418930854
2025-11-17,Subbase application,Road,m2,4213.3625890187495
2025-07-03,Iron mining,Railway,m3,3089.7689835897772
2025-04-02,Laying steel rail,Railway,m,2663.951610356346
2025-02-06,Coat preparation,Road,L,3403.037286529443
2025-04-04,Foundation pouring,Building,m3,4193.667078414021
2025-11-02,Laying steel rail,Railway,m,1109.5036786187734
2025-02-03,Laying steel rail,Railway,m,2757.783735809018
2025-06-26,Subbase application,Road,m2,3436.3058098211973
2025-10-01,Subbase application,Road,m2,2388.51423219599
2025-01-18,Foundation pouring,Building,m3,252.16769171759134
2025-12-14,Rolling/Tractor,Road,m2,4042.9244499198203
2025-10-25,Ballast,Railway,m3,3801.12398085173
2025-03-14,Ballast,Railway,m3,2279.0183902987924
2025-03-21,Cement making,Building,m3,3812.1843562138574
2025-06-20,Anchorage,Railway,m2,2900.8583607650166
2025-06-30,Rolling/Tractor,Road,m2,933.9414421703601
2025-03-17,Iron mining,Railway,m3,4384.287381276824
2025-07-04,Ballast,Railway,m3,4631.009822937772
2025-09-12,Foundation pouring,Building,m3,4399.941277899416
2025-04-25,Laying steel rail,Railway,m,1401.189364326324
2025-02-09,Pavement,Road,m2,4891.515978676102
2025-02-14,Iron mining,Railway,m3,2816.0621000401857
2025-02-12,Ballast,Railway,m3,3230.8507912381647
2025-12-08,Cement making,Building,m3,2450.4349269982417
2025-10-28,Coat preparation,Road,L,3977.778616336261
2025-06-14,Coat preparation,Road,L,4104.072676605754
2025-11-29,Terrain leveling,Building,m3,726.7878478188638
2025-01-16,Cement making,Building,m3,798.3479318893538
2025-05-22,Foundation pouring,Building,m3,663.581837262977
2025-08-17,Subbase application,Road,m2,3175.9573518554107
2025-02-27,Pavement,Road,m2,2506.242631547073
2025-06-17,Rolling/Tractor,Road,m2,78.30359922494479
2025-01-22,Iron mining,Railway,m3,925.9268281430727
2025-03-08,Removing trees,Building,m2,2016.4380614243937
2025-06-13,Coat preparation,Road,L,773.2047526888447
2025-09-27,Laying steel rail,Railway,m,890.9476936494865
2025-12-02,Walling,Building,m2,1155.08144951923
2025-06-01,Walling,Building,m2,916.5309831851076
2025-04-16,Ballast,Railway,m3,2775.520618561549
2025-08-12,Ballast,Railway,m3,140.31190270860694
2025-09-07,Laying steel rail,Railway,m,4864.453912890588
2025-09-07,Iron mining,Railway,m3,3940.645186137579
2025-03-08,Foundation pouring,Building,m3,2356.670124328453
2025-02-13,Iron mining,Railway,m3,3296.0740997654652
2025-12-08,Coat preparation,Road,L,1856.9086014884274
2025-11-18,Ballast,Railway,m3,1622.4244895998886
2025-09-12,Ballast,Railway,m3,4939.553974796189
2025-06-08,Pavement,Road,m2,4399.315723606951
2025-11-20,Foundation pouring,Building,m3,813.5550701476113
2025-04-13,Subbase application,Road,m2,1314.5916431304422
2025-05-24,Ballast,Railway,m3,2652.9569420304997
2025-12-14,Iron mining,Railway,m3,4024.6356580378174
2025-08-02,Coat preparation,Road,L,3502.492767017487
2025-01-08,Laying steel rail,Railway,m,4997.94390128887
2025-02-08,Terrain leveling,Building,m3,652.1670978472127
2025-07-08,Removing trees,Building,m2,25.738708097167162
2025-03-13,Iron mining,Railway,m3,1505.183399030846
2025-09-14,Rolling/Tractor,Road,m2,453.27401576907175
2025-10-03,Cement making,Building,m3,2994.8074709338034
2025-06-07,Anchorage,Railway,m2,4724.626374609398
2025-08-14,Iron mining,Railway,m3,4527.072093288874
2025-11-28,Anchorage,Railway,m2,4517.3808499737015
2025-12-23,Ballast,Railway,m3,1711.2517177237312
2025-08-02,Subbase application,Road,m2,256.26940842143955
2025-11-06,Pavement,Road,m2,2996.772910180186
2025-07-31,Removing trees,Building,m2,1680.4621921365276
2025-02-12,Iron mining,Railway,m3,956.0690827256146
2025-09-09,Ballast,Railway,m3,1051.1581551391546
2025-12-19,Pavement,Road,m2,1764.5771193883775
2025-01-12,Cement making,Building,m3,2537.064474351244
2025-03-18,Subbase application,Road,m2,4342.762821262766
2025-08-25,Laying steel rail,Railway,m,3927.376315490521
2025-07-08,Iron mining,Railway,m3,1286.2432701808557
2025-07-22,Removing trees,Building,m2,4576.402604035475
2025-05-18,Laying steel rail,Railway,m,2748.6358789354026
2025-12-17,Anchorage,Railway,m2,1971.856769474748
2025-01-22,Ballast,Railway,m3,2721.966951990827
2025-07-23,Terrain leveling,Building,m3,2490.2377903735874
2025-09-06,Foundation pouring,Building,m3,2029.9410968217908
2025-03-21,Anchorage,Railway,m2,3317.234055108112
2025-04-26,Coat preparation,Road,L,3893.129241173772
2025-07-15,Walling,Building,m2,1587.6419034639077
2025-03-31,Pavement,Road,m2,209.53832053348276
2025-10-13,Rolling/Tractor,Road,m2,66.21552301680155
2025-02-16,Rolling/Tractor,Road,m2,4020.863887703508
2025-06-22,Laying steel rail,Railway,m,1035.8532888877037
2025-08-02,Laying steel rail,Railway,m,1790.1066082200334
2025-03-22,Coat preparation,Road,L,979.6528514123514
2025-07-13,Walling,Building,m2,1620.6807027484083
2025-10-10,Foundation pouring,Building,m3,3495.066854227845
2025-08-04,Pavement,Road,m2,2905.5262154182797
2025-02-03,Coat preparation,Road,L,4127.5001260417075
2025-01-04,Walling,Building,m2,1846.3286159315685
2025-02-26,Coat preparation,Road,L,4282.380157597637
2025-05-30,Terrain leveling,Building,m3,51.366637386844886
2025-07-12,Removing trees,Building,m2,2503.606881530068
2025-08-07,Ballast,Railway,m3,1963.7742444556866
2025-10-22,Subbase application,Road,m2,1486.2527332084192
2025-08-28,Iron mining,Railway,m3,2132.487975310867
2025-03-25,Iron mining,Railway,m3,1625.7982708763996
2025-01-05,Subbase application,Road,m2,1492.620464436145
2025-08-29,Rolling/Tractor,Road,m2,3457.7172565721426
2025-12-10,Laying steel rail,Railway,m,531.5821439180402
2025-04-24,Subbase application,Road,m2,3381.9545563626752
2025-03-05,Removing trees,Building,m2,1877.4825513112837
2025-06-05,Iron mining,Railway,m3,1828.21456608402
2025-06-18,Ballast,Railway,m3,4837.050189788974
2025-03-22,Ballast,Railway,m3,4840.809159078473
2025-11-29,Removing trees,Building,m2,4345.785827277891
2025-01-20,Laying steel rail,Railway,m,1646.3065166877927
2025-09-28,Anchorage,Railway,m2,2771.935967263038
2025-07-20,Walling,Building,m2,4422.943632037431
2025-04-26,Rolling/Tractor,Road,m2,3871.1437254668913
2025-03-13,Coat preparation,Road,L,386.6554664287947
2025-01-12,Iron mining,Railway,m3,1737.7003172203886
2025-09-29,Laying steel rail,Railway,m,722.9633965241134
2025-03-29,Subbase application,Road,m2,1892.9197961101734
2025-04-20,Coat preparation,Road,L,4464.539213849804
2025-11-05,Laying steel rail,Railway,m,1227.4472569965988
2025-06-23,Rolling/Tractor,Road,m2,1388.0969809106807
2025-03-17,Terrain leveling,Building,m3,642.7750155333728
2025-04-07,Foundation pouring,Building,m3,487.80495012492986
2025-05-08,Cement making,Building,m3,172.7783657201931
2025-09-22,Pavement,Road,m2,791.4715905481529
2025-04-01,Foundation pouring,Building,m3,2597.942905168825
2025-09-12,Walling,Building,m2,3795.549378598678
2025-10-13,Pavement,Road,m2,1066.775219645097
2025-10-09,Rolling/Tractor,Road,m2,790.0703992877783
2025-11-18,Removing trees,Building,m2,4718.674624102363
2025-05-27,Rolling/Tractor,Road,m2,3868.9410842280777
2025-03-21,Cement making,Building,m3,3452.6789110285517
2025-06-21,Ballast,Railway,m3,3627.8912102219547
2025-05-24,Coat preparation,Road,L,3733.738495210458
2025-11-13,Ballast,Railway,m3,4954.489140877809
2025-01-20,Coat preparation,Road,L,3083.655736198543
2025-10-06,Foundation pouring,Building,m3,34.077796458559796
2025-11-12,Laying steel rail,Railway,m,813.0549101102741
2025-07-12,Subbase application,Road,m2,713.6910186040124
2025-04-15,Laying steel rail,Railway,m,4743.608765639933
2025-09-21,Foundation pouring,Building,m3,3773.80799500378
2025-02-18,Foundation pouring,Building,m3,1510.493389057187
2025-09-06,Pavement,Road,m2,3905.3772520849934
2025-09-05,Anchorage,Railway,m2,1372.3159131821533
2025-12-21,Laying steel rail,Railway,m,1336.4770421111216
2025-09-22,Subbase application,Road,m2,4872.5518114312545
2025-03-22,Anchorage,Railway,m2,1018.2026791416737
2025-01-10,Walling,Building,m2,4760.2436949901585
2025-03-02,Walling,Building,m2,2091.2246393440896
2025-05-05,Anchorage,Railway,m2,4090.0863036655787
2025-09-29,Walling,Building,m2,2400.617335069432
2025-07-25,Pavement,Road,m2,3669.2088175670824
2025-09-21,Cement making,Building,m3,104.1102148479528
2025-12-10,Coat preparation,Road,L,20.452500491439096
2025-11-14,Coat preparation,Road,L,784.2820591019739
2025-06-15,Laying steel rail,Railway,m,3794.6272226050696
2025-02-13,Rolling/Tractor,Road,m2,3894.2508405591598
2025-09-30,Cement making,Building,m3,3326.366281595749
2025-04-19,Laying steel rail,Railway,m,164.27781200233972
2025-08-10,Removing trees,Building,m2,513.4128250947517
2025-09-23,Cement making,Building,m3,4707.991789637489
2025-08-09,Iron mining,Railway,m3,865.486508072979
2025-08-01,Walling,Building,m2,2785.5892971894696
2025-10-09,Ballast,Railway,m3,4858.6566709036515
2025-07-12,Rolling/Tractor,Road,m2,2410.688666901256
2025-02-09,Cement making,Building,m3,2321.1674666964736
2025-07-31,Removing trees,Building,m2,4490.2274903324305
2025-12-11,Coat preparation,Road,L,628.0394341692324
2025-10-19,Iron mining,Railway,m3,834.9388422012594
2025-10-09,Anchorage,Railway,m2,3890.024377009866
2025-11-25,Walling,Building,m2,2902.987792641747
2025-04-15,Anchorage,Railway,m2,967.4985482368298
2025-07-08,Foundation pouring,Building,m3,1382.1055822523222
2025-01-16,Foundation pouring,Building,m3,2135.901426548044
2025-02-14,Anchorage,Railway,m2,3876.222072262747
2025-09-26,Walling,Building,m2,1174.9930435695417
2025-02-13,Anchorage,Railway,m2,4850.737143445836
2025-08-13,Coat preparation,Road,L,2882.5250948833987
2025-12-27,Anchorage,Railway,m2,4275.140030211372
2025-04-06,Laying steel rail,Railway,m,841.278615119298
2025-01-16,Terrain leveling,Building,m3,1860.9916548197132
2025-10-08,Anchorage,Railway,m2,2248.572415156168
2025-06-07,Anchorage,Railway,m2,3565.0321779459637
2025-04-24,Anchorage,Railway,m2,2785.426508883388
2025-09-19,Laying steel rail,Railway,m,1858.435843582335
2025-08-10,Walling,Building,m2,4629.079384904465
2025-11-14,Coat preparation,Road,L,2760.4435830242805
2025-08-11,Subbase application,Road,m2,3552.3890755117027
2025-06-08,Removing trees,Building,m2,4513.591535374499
2025-03-09,Anchorage,Railway,m2,596.058231301852
2025-01-30,Rolling/Tractor,Road,m2,2113.7103457558746
2025-08-29,Ballast,Railway,m3,518.236385696183
2025-02-14,Terrain leveling,Building,m3,385.36659344653503
2025-05-13,Subbase application,Road,m2,1328.8899178259644
2025-10-21,Anchorage,Railway,m2,3456.4008544307662
2025-07-12,Terrain leveling,Building,m3,3895.7575183054037
2025-11-30,Subbase application,Road,m2,4987.007620652165
2025-11-25,Walling,Building,m2,291.5014327412241
2025-02-25,Terrain leveling,Building,m3,4362.0885311547945
2025-07-24,Cement making,Building,m3,3148.941264654908
2025-04-10,Removing trees,Building,m2,1882.4782752933522
2025-12-12,Walling,Building,m2,2448.534145715132
2025-12-21,Removing trees,Building,m2,4272.5174051903305
2025-06-13,Laying steel rail,Railway,m,1509.4208371780992
2025-04-24,Coat preparation,Road,L,1149.1657697671847
2025-05-13,Pavement,Road,m2,1356.6540459479681
2025-07-11,Removing trees,Building,m2,2421.5992834307267
2025-10-21,Removing trees,Building,m2,4441.287367210971
2025-03-17,Cement making,Building,m3,4469.583302337435
2025-10-05,Ballast,Railway,m3,4979.851379222645
2025-12-16,Ballast,Railway,m3,3802.820974243351
2025-01-04,Laying steel rail,Railway,m,3022.7480461673617
2025-07-29,Ballast,Railway,m3,2260.2398029967826
2025-01-15,Terrain leveling,Building,m3,2059.0192277407214
2025-07-10,Coat preparation,Road,L,2555.516703931097
2025-05-07,Rolling/Tractor,Road,m2,1303.9243973797204
2025-02-03,Terrain leveling,Building,m3,1610.1077396478104
2025-03-30,Subbase application,Road,m2,2316.3005914892165
2025-10-18,Coat preparation,Road,L,1994.0971197450235
2025-11-12,Rolling/Tractor,Road,m2,2759.6562249587737
2025-11-09,Anchorage,Railway,m2,1384.126560567302
2025-04-27,Rolling/Tractor,Road,m2,693.6346948687516
2025-10-22,Laying steel rail,Railway,m,2071.7092102269207
2025-04-26,Coat preparation,Road,L,4984.497494701381
2025-08-10,Walling,Building,m2,2648.9396782993163
2025-01-17,Walling,Building,m2,3212.630384062066
2025-07-02,Cement making,Building,m3,3355.9320612454935
2025-07-05,Subbase application,Road,m2,3774.162132878279
2025-03-21,Removing trees,Building,m2,3598.5658509004343
2025-09-06,Foundation pouring,Building,m3,4899.340595587287
2025-08-27,Rolling/Tractor,Road,m2,1598.9977883954982
2025-03-30,Foundation pouring,Building,m3,2703.4947447152895
2025-10-18,Anchorage,Railway,m2,3396.969940781007
2025-07-02,Terrain leveling,Building,m3,3542.705251029062
2025-05-19,Iron mining,Railway,m3,3708.6601770606712
2025-06-19,Anchorage,Railway,m2,2245.6147314138375
2025-03-19,Walling,Building,m2,3812.4996364030317
2025-03-07,Foundation pouring,Building,m3,1849.3760805022769
2025-11-17,Walling,Building,m2,4368.2145518232355
2025-11-24,Rolling/Tractor,Road,m2,3380.2000781928205
2025-10-19,Coat preparation,Road,L,1195.9177986778218
2025-05-19,Subbase application,Road,m2,4820.3334137919455
2025-07-19,Ballast,Railway,m3,2715.3072220053778
2025-07-14,Removing trees,Building,m2,4510.951042497282
2025-12-13,Pavement,Road,m2,4249.263407900353
2025-05-08,Foundation pouring,Building,m3,3906.148029026935
2025-02-21,Coat preparation,Road,L,369.0543573941096
2025-08-23,Laying steel rail,Railway,m,2353.0889665312156
2025-03-04,Iron mining,Railway,m3,147.0364139250474
2025-05-11,Coat preparation,Road,L,4697.938239270961
2025-05-31,Ballast,Railway,m3,693.6236275423657
2025-12-03,Anchorage,Railway,m2,2261.320396106949
2025-05-30,Terrain leveling,Building,m3,2904.2042075551703
2025-02-03,Anchorage,Railway,m2,580.0165985117484
2025-05-11,Rolling/Tractor,Road,m2,4503.813887683449
2025-02-25,Rolling/Tractor,Road,m2,1247.0155897137124
2025-08-29,Subbase application,Road,m2,3437.291615974453
2025-09-09,Ballast,Railway,m3,907.9175826397156
2025-02-07,Rolling/Tractor,Road,m2,4454.302563050461
2025-06-17,Ballast,Railway,m3,2680.4190101342356
2025-12-25,Foundation pouring,Building,m3,535.3180651080763
2025-02-21,Foundation pouring,Building,m3,3881.939674032907
2025-06-11,Iron mining,Railway,m3,4109.111434310272
2025-11-24,Coat preparation,Road,L,389.53249776978004
2025-09-07,Subbase application,Road,m2,946.6071988025953
2025-12-27,Coat preparation,Road,L,1361.535190798082
2025-01-22,Laying steel rail,Railway,m,3161.4754438847262
2025-03-10,Walling,Building,m2,1551.8807383856436
2025-09-06,Cement making,Building,m3,4995.501568051731
2025-02-13,Removing trees,Building,m2,409.8215937060018
2025-08-18,Laying steel rail,Railway,m,2466.6818283207654
2025-11-09,Pavement,Road,m2,2428.6876795976405
2025-10-25,Laying steel rail,Railway,m,1569.7708343879135
2025-02-09,Iron mining,Railway,m3,4370.187501853571
2025-04-08,Coat preparation,Road,L,1461.5791551499635
2025-01-30,Coat preparation,Road,L,3613.0666374685948
2025-05-21,Pavement,Road,m2,2965.0114854143926
2025-05-10,Anchorage,Railway,m2,4758.409158832507
2025-01-23,Removing trees,Building,m2,1174.339342974226
2025-02-27,Iron mining,Railway,m3,2054.6421089925725
2025-01-19,Iron mining,Railway,m3,936.5947179096895
2025-06-28,Walling,Building,m2,4203.8894925312525
2025-11-26,Foundation pouring,Building,m3,3376.688161148194
2025-09-12,Laying steel rail,Railway,m,682.5966924880738
2025-01-23,Subbase application,Road,m2,392.7240737745158
2025-12-05,Coat preparation,Road,L,92.57825483623915
2025-06-12,Walling,Building,m2,498.20267952789766
2025-10-06,Subbase application,Road,m2,2977.4520484438076
2025-09-12,Laying steel rail,Railway,m,1463.9244825019455
2025-08-04,Walling,Building,m2,3451.8236910936243
2025-04-25,Terrain leveling,Building,m3,1708.4065517323932
2025-12-11,Ballast,Railway,m3,4338.967954177242
2025-11-27,Iron mining,Railway,m3,4204.791598713348
2025-08-21,Rolling/Tractor,Road,m2,2973.856364724383
2025-12-06,Ballast,Railway,m3,3077.2770593133096
2025-06-03,Laying steel rail,Railway,m,4563.359366808032
2025-02-21,Rolling/Tractor,Road,m2,2923.0889714463306
2025-02-13,Foundation pouring,Building,m3,4899.795970437592
2025-07-26,Coat preparation,Road,L,3948.412040687137
2025-04-16,Laying steel rail,Railway,m,1177.6041037696862
2025-10-13,Anchorage,Railway,m2,4089.28557691185
2025-10-18,Laying steel rail,Railway,m,780.0223266264284
2025-07-09,Rolling/Tractor,Road,m2,2601.4842171921996
2025-04-28,Cement making,Building,m3,1781.9347102158556
2025-10-08,Ballast,Railway,m3,2956.38734861641
2025-03-24,Ballast,Railway,m3,1889.4416801564118
2025-02-22,Rolling/Tractor,Road,m2,1941.747302644547
2025-02-15,Subbase application,Road,m2,4923.676637670022
2025-05-23,Anchorage,Railway,m2,4415.423713305314
2025-03-02,Pavement,Road,m2,1307.6298464913966
2025-08-12,Cement making,Building,m3,334.2376666174929
2025-05-11,Coat preparation,Road,L,3366.4152549502323
2025-11-25,Subbase application,Road,m2,3226.203937136128
2025-12-23,Cement making,Building,m3,2374.025843992488
2025-05-13,Coat preparation,Road,L,3798.951073438139
2025-02-13,Removing trees,Building,m2,928.0463017621165
2025-01-25,Removing trees,Building,m2,2595.973055987151
2025-05-01,Pavement,Road,m2,397.295856726389
2025-08-17,Coat preparation,Road,L,3600.6538451229153
2025-11-19,Pavement,Road,m2,4339.583110999
2025-06-17,Subbase application,Road,m2,3130.347229811952
2025-08-23,Iron mining,Railway,m3,3135.6822108146575
2025-08-18,Rolling/Tractor,Road,m2,2803.1234690803785
2025-09-22,Removing trees,Building,m2,4823.664110594888
2025-03-19,Ballast,Railway,m3,1451.4226552378295
2025-05-09,Removing trees,Building,m2,4671.599822074897
2025-09-02,Ballast,Railway,m3,1612.4945360628578
2025-04-21,Pavement,Road,m2,307.5262912850313
2025-09-09,Walling,Building,m2,4267.205435705335
2025-08-16,Walling,Building,m2,1878.9329111419988
2025-09-07,Ballast,Railway,m3,4308.019326623965
2025-03-23,Iron mining,Railway,m3,3369.7781598462225
2025-08-17,Rolling/Tractor,Road,m2,4384.520298280098
2025-07-17,Terrain leveling,Building,m3,2725.436014840479
2025-09-21,Pavement,Road,m2,250.93501247507254
2025-12-05,Ballast,Railway,m3,2173.6273839535856
2025-04-12,Anchorage,Railway,m2,84.31265947211497
2025-02-24,Removing trees,Building,m2,1165.3339916355403
2025-05-04,Coat preparation,Road,L,2873.2630907700673
2025-11-12,Iron mining,Railway,m3,1761.289553365603
2025-04-28,Subbase application,Road,m2,3423.766643389375
2025-08-13,Pavement,Road,m2,4358.6632588794255
2025-11-17,Cement making,Building,m3,3678.2486422749434
2025-01-01,Iron mining,Railway,m3,1175.1221779964953
2025-07-16,Pavement,Road,m2,1393.9196797103043
2025-01-07,Terrain leveling,Building,m3,4404.090926512791
2025-06-15,Coat preparation,Road,L,3132.778714207405
2025-03-09,Laying steel rail,Railway,m,2930.6007102166805
2025-07-30,Subbase application,Road,m2,1444.4611386959205
2025-09-02,Pavement,Road,m2,3690.8956918370295
2025-07-16,Pavement,Road,m2,1899.5057161622797
2025-09-10,Walling,Building,m2,394.5734913514759
2025-08-17,Rolling/Tractor,Road,m2,4689.162715137747
2025-12-15,Iron mining,Railway,m3,363.4858392806883
2025-02-11,Subbase application,Road,m2,4142.5292503854
2025-05-20,Terrain leveling,Building,m3,619.300304342909
2025-04-30,Walling,Building,m2,1125.8920434793067
2025-08-27,Cement making,Building,m3,3248.2791568097964
2025-08-16,Subbase application,Road,m2,4645.377274702282
2025-07-25,Pavement,Road,m2,148.60353209037225
2025-11-19,Subbase application,Road,m2,1444.4239585765756
2025-06-20,Pavement,Road,m2,3917.9625826515407
2025-03-23,Coat preparation,Road,L,3203.6583773594853
2025-05-16,Coat preparation,Road,L,4247.028065024598
2025-02-09,Pavement,Road,m2,4453.266017625977
2025-04-24,Subbase application,Road,m2,2362.0948730101577
2025-03-17,Cement making,Building,m3,3197.1382314416446
2025-10-22,Pavement,Road,m2,906.2272478669237
2025-10-23,Rolling/Tractor,Road,m2,2833.4780498769073
2025-02-23,Pavement,Road,m2,1995.7115217962796
2025-01-21,Foundation pouring,Building,m3,1407.129537240181
2025-12-23,Walling,Building,m2,4854.8638770150255
2025-02-28,Removing trees,Building,m2,2822.969485291693
2025-10-09,Walling,Building,m2,4469.036449479244
2025-02-07,Subbase application,Road,m2,3024.964703593675
2025-02-28,Anchorage,Railway,m2,3639.1326391939588
2025-03-27,Walling,Building,m2,549.0177089631665
2025-12-04,Laying steel rail,Railway,m,4941.599088465411
2025-05-27,Walling,Building,m2,4395.954594607891
2025-04-16,Ballast,Railway,m3,2650.584445776848
2025-06-24,Anchorage,Railway,m2,4059.7575737158113
2025-04-19,Ballast,Railway,m3,4153.003046264264
2025-05-15,Rolling/Tractor,Road,m2,1360.6186923134117
2025-06-03,Coat preparation,Road,L,3756.24978391545
2025-09-18,Foundation pouring,Building,m3,657.1525883767592
2025-09-16,Foundation pouring,Building,m3,4760.285105971964
2025-05-21,Anchorage,Railway,m2,3091.1069906198777
2025-03-06,Terrain leveling,Building,m3,2933.1312589013114
2025-10-16,Walling,Building,m2,3904.4612313543385
2025-09-29,Rolling/Tractor,Road,m2,1018.2517296209181
2025-09-24,Iron mining,Railway,m3,75.61267716372444
2025-11-25,Foundation pouring,Building,m3,1024.9539151439885
2025-03-30,Terrain leveling,Building,m3,3670.4751997978565
2025-03-28,Removing trees,Building,m2,2954.371797726841
2025-02-11,Terrain leveling,Building,m3,377.2126745287896
2025-07-07,Walling,Building,m2,3423.6337424308354
2025-11-11,Removing trees,Building,m2,780.8097791419294
2025-11-26,Pavement,Road,m2,3733.753949072839
2025-04-28,Cement making,Building,m3,485.95013526690656
2025-04-05,Subbase application,Road,m2,4131.244411787826
2025-09-14,Iron mining,Railway,m3,273.2871171032175
2025-04-29,Coat preparation,Road,L,1922.4281871260262
2025-09-01,Pavement,Road,m2,994.1124109817667
2025-08-09,Iron mining,Railway,m3,2280.3314549262
2025-07-18,Removing trees,Building,m2,3899.9599088317145
2025-09-11,Anchorage,Railway,m2,3838.599294647225
2025-05-12,Ballast,Railway,m3,2954.533543914366
2025-07-01,Rolling/Tractor,Road,m2,4781.246124272211
2025-10-12,Pavement,Road,m2,3382.57986923637
2025-09-24,Removing trees,Building,m2,131.73413675618028
2025-03-08,Removing trees,Building,m2,3130.3897506478907
2025-10-04,Rolling/Tractor,Road,m2,2324.738957228572
2025-06-23,Ballast,Railway,m3,1011.3264078192591
2025-10-29,Removing trees,Building,m2,148.29015826704872
2025-08-11,Ballast,Railway,m3,412.33509481796995
2025-03-09,Pavement,Road,m2,2496.3740377624117
2025-03-11,Removing trees,Building,m2,3478.3637626999875
2025-03-30,Removing trees,Building,m2,2530.587175924532
2025-12-04,Laying steel rail,Railway,m,1464.9578527610836
2025-03-07,Ballast,Railway,m3,3256.3970144930886
2025-06-03,Terrain leveling,Building,m3,3358.3081203440433
2025-07-17,Walling,Building,m2,851.7716869647701
2025-09-12,Foundation pouring,Building,m3,1169.4235041678803
2025-01-30,Iron mining,Railway,m3,2504.5066151589763
2025-06-01,Foundation pouring,Building,m3,386.9390096938541
2025-10-25,Iron mining,Railway,m3,3915.0158056860514
2025-09-27,Terrain leveling,Building,m3,2652.799111850071
2025-06-27,Iron mining,Railway,m3,4883.553954708761
2025-07-09,Rolling/Tractor,Road,m2,1647.5018540244496
2025-06-03,Removing trees,Building,m2,1639.039944092835
2025-09-09,Coat preparation,Road,L,2636.9400232649728
2025-09-24,Coat preparation,Road,L,379.51102009387114
2025-05-28,Anchorage,Railway,m2,950.7017684089298
2025-11-08,Coat preparation,Road,L,4214.743510708
2025-02-20,Walling,Building,m2,500.95126153027024
2025-08-01,Pavement,Road,m2,647.1211010517197
2025-01-21,Laying steel rail,Railway,m,3089.9999395409354
2025-06-12,Coat preparation,Road,L,4449.172330919723
2025-07-05,Iron mining,Railway,m3,3831.1181887326743
2025-10-17,Anchorage,Railway,m2,3331.465003404528
2025-10-26,Rolling/Tractor,Road,m2,3268.080477329281
2025-11-28,Coat preparation,Road,L,913.2473534093682
2025-12-24,Terrain leveling,Building,m3,4330.834689940177
2025-09-02,Anchorage,Railway,m2,1965.2458415162555
2025-06-19,Cement making,Building,m3,823.3628485717732
2025-10-02,Removing trees,Building,m2,2678.624861167467
2025-01-16,Iron mining,Railway,m3,780.4409758698522
2025-01-31,Subbase application,Road,m2,4299.916976933793
2025-11-06,Pavement,Road,m2,4437.194456753027
2025-06-05,Anchorage,Railway,m2,66.75362882883562
2025-08-02,Subbase application,Road,m2,273.012516281636
2025-08-19,Subbase application,Road,m2,175.84591789454763
2025-09-10,Anchorage,Railway,m2,3272.8630620837594
2025-10-24,Pavement,Road,m2,4939.638440981369
2025-01-24,Walling,Building,m2,207.02851579216696
2025-08-03,Anchorage,Railway,m2,1252.5303619844192
2025-08-29,Laying steel rail,Railway,m,4986.830271142792
2025-04-25,Terrain leveling,Building,m3,3637.0165790742467
2025-07-10,Laying steel rail,Railway,m,1490.4789453575452
2025-02-13,Removing trees,Building,m2,4104.4491308488805
2025-02-19,Anchorage,Railway,m2,2260.5914078177752
2025-12-08,Anchorage,Railway,m2,708.5990821639471
2025-04-24,Walling,Building,m2,3103.350747728703
2025-01-19,Pavement,Road,m2,341.4547421044739
2025-12-19,Laying steel rail,Railway,m,4428.327788263901
2025-06-18,Ballast,Railway,m3,2102.721118438223
2025-08-18,Anchorage,Railway,m2,4576.570243534084
2025-12-18,Foundation pouring,Building,m3,2534.6817823769256
2025-10-01,Foundation pouring,Building,m3,4921.022394347724
2025-05-07,Foundation pouring,Building,m3,2454.195803038672
2025-05-03,Coat preparation,Road,L,1075.358427891595
2025-09-24,Anchorage,Railway,m2,2819.767709611024
2025-05-23,Terrain leveling,Building,m3,3611.97154047952
2025-06-24,Cement making,Building,m3,2564.356052320626
2025-11-28,Walling,Building,m2,623.5894944313808
2025-11-26,Foundation pouring,Building,m3,2108.750387690015
2025-02-10,Pavement,Road,m2,731.6291272533704
2025-03-29,Coat preparation,Road,L,85.21909586586163
2025-12-16,Cement making,Building,m3,4573.126605515138
2025-07-09,Walling,Building,m2,1870.331388391691
2025-06-16,Pavement,Road,m2,821.4796594371054
2025-04-07,Anchorage,Railway,m2,3807.3995233534615
2025-05-01,Foundation pouring,Building,m3,708.2412286561496
2025-08-03,Laying steel rail,Railway,m,2435.258524941758
2025-06-09,Terrain leveling,Building,m3,1217.1448935791552
2025-07-29,Walling,Building,m2,4807.84479551049
2025-06-22,Pavement,Road,m2,3380.1036522059894
2025-07-19,Cement making,Building,m3,1749.407038103698
2025-07-04,Walling,Building,m2,4790.184834675375
2025-03-18,Ballast,Railway,m3,1038.6615659941144
2025-09-29,Cement making,Building,m3,1789.968911272442
2025-06-01,Laying steel rail,Railway,m,1431.7051057133806
2025-12-08,Cement making,Building,m3,1136.0624844072574
2025-06-22,Ballast,Railway,m3,732.2458930081327
2025-11-26,Cement making,Building,m3,982.0601414654501
2025-11-10,Foundation pouring,Building,m3,2897.3720575861294
2025-10-28,Walling,Building,m2,4072.5009457435704
2025-02-19,Laying steel rail,Railway,m,4260.627030351528
2025-06-07,Rolling/Tractor,Road,m2,268.28895988537437
2025-10-04,Walling,Building,m2,179.0064189808771
2025-12-12,Terrain leveling,Building,m3,1207.9660692898858
2025-07-01,Walling,Building,m2,3818.3775385107506
2025-12-28,Coat preparation,Road,L,686.8315958480154
2025-11-24,Rolling/Tractor,Road,m2,2918.8826808463127
2025-09-30,Terrain leveling,Building,m3,3454.2692595686735
2025-04-01,Walling,Building,m2,498.6423781538013
2025-12-10,Laying steel rail,Railway,m,1695.2149103333074
2025-06-17,Anchorage,Railway,m2,2815.3849904677786
2025-09-10,Terrain leveling,Building,m3,3690.2900078774323
2025-03-15,Laying steel rail,Railway,m,4000.7772929707958
2025-09-04,Ballast,Railway,m3,2615.947647730743
2025-10-23,Pavement,Road,m2,4584.825901125083
2025-08-10,Anchorage,Railway,m2,4335.577507386241
2025-09-26,Foundation pouring,Building,m3,1345.7914370140588
2025-04-15,Rolling/Tractor,Road,m2,1388.8655891278584
2025-10-01,Ballast,Railway,m3,3246.970627593786
2025-09-21,Iron mining,Railway,m3,3363.0969165429865
2025-09-12,Ballast,Railway,m3,2582.225984804049
2025-04-04,Coat preparation,Road,L,1939.242785997617
2025-11-06,Anchorage,Railway,m2,3258.4049222302197
2025-09-17,Walling,Building,m2,2269.6456957175938
2025-10-14,Subbase application,Road,m2,3540.3019395224505
2025-08-18,Laying steel rail,Railway,m,1944.3518409598055
2025-01-03,Anchorage,Railway,m2,1702.4567291759713
2025-04-20,Coat preparation,Road,L,2730.4699341333744
2025-03-07,Walling,Building,m2,3236.1117896832093
2025-07-22,Walling,Building,m2,4973.541867912806
2025-05-09,Foundation pouring,Building,m3,2397.702082424752
2025-10-10,Subbase application,Road,m2,1091.3731950548233
2025-02-15,Rolling/Tractor,Road,m2,1540.3278215624161
2025-01-30,Walling,Building,m2,4888.033546994783
2025-11-28,Ballast,Railway,m3,409.15488315990234
2025-04-08,Terrain leveling,Building,m3,1497.1125849814132
2025-07-15,Coat preparation,Road,L,1207.3418838742723
2025-09-05,Subbase application,Road,m2,1016.5133705657248
2025-02-04,Ballast,Railway,m3,2037.0616501613636
2025-06-12,Laying steel rail,Railway,m,4319.139805896386
2025-05-22,Pavement,Road,m2,2310.9510062771155
2025-02-22,Ballast,Railway,m3,4971.243531186502
2025-01-01,Terrain leveling,Building,m3,3917.79250791803
2025-03-23,Laying steel rail,Railway,m,1628.7495069289087
2025-08-20,Ballast,Railway,m3,1551.6446245438508
2025-04-02,Iron mining,Railway,m3,4036.785610071457
2025-01-07,Terrain leveling,Building,m3,1399.638187836037
2025-11-11,Laying steel rail,Railway,m,763.4549360127907
2025-12-01,Pavement,Road,m2,3788.2459717035395
2025-01-01,Coat preparation,Road,L,1849.569084503001
2025-08-14,Pavement,Road,m2,853.3971936920459
2025-01-13,Walling,Building,m2,554.9224483234672
2025-11-01,Pavement,Road,m2,3503.1074642662265
2025-03-18,Removing trees,Building,m2,4591.418791150738
2025-07-27,Pavement,Road,m2,3043.452398564434
2025-06-11,Foundation pouring,Building,m3,2526.048519907724
2025-10-18,Walling,Building,m2,4735.2508657531025
2025-09-07,Laying steel rail,Railway,m,143.7875925349641
2025-10-17,Iron mining,Railway,m3,119.61082333592054
2025-12-10,Rolling/Tractor,Road,m2,1322.7754350380033
2025-10-15,Rolling/Tractor,Road,m2,4309.793143376367
2025-07-18,Removing trees,Building,m2,3591.8259173517736
2025-03-21,Rolling/Tractor,Road,m2,2193.2993698431824
2025-03-30,Coat preparation,Road,L,4822.998149630258
2025-03-02,Iron mining,Railway,m3,4954.689844913632
2025-10-02,Walling,Building,m2,128.5474061635472
2025-07-23,Coat preparation,Road,L,833.7776132240549
2025-11-22,Pavement,Road,m2,4760.421239048928
2025-08-25,Iron mining,Railway,m3,2127.277765522864
2025-07-20,Cement making,Building,m3,789.2388145522893
2025-10-30,Foundation pouring,Building,m3,1160.852805480201
2025-08-17,Walling,Building,m2,3315.485191086715
2025-03-17,Walling,Building,m2,1073.2885004535208
2025-02-07,Anchorage,Railway,m2,2544.8906270212433
2025-09-01,Ballast,Railway,m3,1520.1497122748126
2025-10-06,Terrain leveling,Building,m3,4958.485843589627
2025-03-11,Anchorage,Railway,m2,3809.955572494107
2025-06-21,Laying steel rail,Railway,m,2100.809653047948
2025-01-07,Foundation pouring,Building,m3,5.308483275603404
2025-02-19,Cement making,Building,m3,881.7738707200889
2025-04-29,Foundation pouring,Building,m3,4362.528352354543
2025-12-15,Cement making,Building,m3,2282.7080906064853
2025-11-05,Terrain leveling,Building,m3,338.5553567706306
2025-08-26,Cement making,Building,m3,628.4212855287662
2025-07-09,Walling,Building,m2,4689.953762901333
2025-08-23,Coat preparation,Road,L,1147.4441836126282
2025-08-11,Removing trees,Building,m2,836.9110141250491
2025-09-20,Foundation pouring,Building,m3,2014.0080066036442
2025-05-16,Walling,Building,m2,3310.6825355244323
2025-04-10,Rolling/Tractor,Road,m2,1929.2244481312987
2025-12-05,Iron mining,Railway,m3,4375.870126934022
2025-06-06,Pavement,Road,m2,1146.1833092197294
2025-04-27,Cement making,Building,m3,3683.4997493531628
2025-06-25,Removing trees,Building,m2,1624.46023933348
2025-11-14,Terrain leveling,Building,m3,4415.7079968438475
2025-10-10,Foundation pouring,Building,m3,4273.417245401143
2025-12-14,Laying steel rail,Railway,m,4910.97690762929
2025-12-06,Iron mining,Railway,m3,2429.6026241343234
2025-07-11,Removing trees,Building,m2,2277.639245920015
2025-02-21,Foundation pouring,Building,m3,2339.8659633571438
2025-10-26,Laying steel rail,Railway,m,3314.5872906962286
2025-11-26,Coat preparation,Road,L,3376.1635835339944
2025-02-16,Coat preparation,Road,L,3947.8745640495017
2025-08-10,Removing trees,Building,m2,2487.5289321035184
2025-03-15,Foundation pouring,Building,m3,4880.720901018171
2025-08-26,Rolling/Tractor,Road,m2,4355.764843133374
2025-02-24,Removing trees,Building,m2,747.1911319082136
2025-01-19,Subbase application,Road,m2,3329.888494752623
2025-12-25,Foundation pouring,Building,m3,495.7828136222964
2025-02-10,Iron mining,Railway,m3,1295.4364809802555
2025-11-13,Walling,Building,m2,2231.952897688736
2025-04-20,Laying steel rail,Railway,m,2622.976915200903
2025-07-08,Rolling/Tractor,Road,m2,3276.2507462051203
2025-05-09,Pavement,Road,m2,4529.522668846591
2025-11-12,Iron mining,Railway,m3,1689.5879460337303
2025-05-10,Walling,Building,m2,1980.325143196669
2025-07-28,Pavement,Road,m2,156.01675834167327
2025-09-14,Laying steel rail,Railway,m,2419.4326745584476
2025-08-09,Walling,Building,m2,4557.349374270561
2025-02-08,Iron mining,Railway,m3,3517.503525958551
2025-03-13,Iron mining,Railway,m3,3218.5297246571045
2025-06-08,Pavement,Road,m2,3996.1096357247766
2025-12-14,Ballast,Railway,m3,3027.7562898195365
2025-11-12,Subbase application,Road,m2,2769.976432321405
2025-01-06,Pavement,Road,m2,55.203535050386556
2025-08-29,Iron mining,Railway,m3,2842.471201639442
2025-11-29,Ballast,Railway,m3,1007.4346261965861
2025-10-19,Iron mining,Railway,m3,904.7459226968401
2025-11-18,Coat preparation,Road,L,1694.2490096757078
2025-04-13,Foundation pouring,Building,m3,4594.210220175573
2025-01-26,Laying steel rail,Railway,m,2468.141969457225
2025-03-17,Coat preparation,Road,L,2141.7706607330406
2025-05-11,Foundation pouring,Building,m3,1375.5342925915625
2025-08-11,Laying steel rail,Railway,m,2317.224334193367
2025-07-10,Cement making,Building,m3,3069.588843974001
2025-09-07,Rolling/Tractor,Road,m2,4415.402777973577
2025-05-06,Iron mining,Railway,m3,2647.2727472926554
2025-10-29,Anchorage,Railway,m2,2618.57966254464
2025-12-16,Removing trees,Building,m2,4743.231645322595
2025-04-25,Cement making,Building,m3,2639.0929589829398
2025-09-09,Terrain leveling,Building,m3,929.2847076810929
2025-05-22,Walling,Building,m2,665.2923376403108
2025-05-24,Foundation pouring,Building,m3,704.5368233914722
2025-02-03,Cement making,Building,m3,4488.373579902978
2025-12-17,Iron mining,Railway,m3,3825.2706751966866
2025-02-06,Walling,Building,m2,4321.347828440955
2025-10-03,Walling,Building,m2,4108.287109465314
2025-04-16,Laying steel rail,Railway,m,3387.6340811661694
2025-09-22,Iron mining,Railway,m3,2072.984119513479
2025-11-22,Terrain leveling,Building,m3,1368.2594756832789
2025-01-28,Pavement,Road,m2,2277.3160137659565
2025-08-23,Rolling/Tractor,Road,m2,2375.4652216579498
2025-11-29,Cement making,Building,m3,96.3830864518661
2025-12-27,Removing trees,Building,m2,4248.100167608175
2025-04-06,Subbase application,Road,m2,119.63378011325743
2025-11-22,Subbase application,Road,m2,731.3525341731947
2025-07-17,Rolling/Tractor,Road,m2,2667.786988772147
2025-09-02,Laying steel rail,Railway,m,3960.324589408928
2025-11-01,Iron mining,Railway,m3,1002.2219595819598
2025-08-20,Subbase application,Road,m2,2673.2590072068006
2025-01-08,Rolling/Tractor,Road,m2,2200.7608772312988
2025-10-13,Foundation pouring,Building,m3,3654.8315293794835
2025-11-13,Pavement,Road,m2,971.8486716430508
2025-03-27,Terrain leveling,Building,m3,4081.1451563629457
2025-08-25,Laying steel rail,Railway,m,4675.892372560776
2025-10-06,Coat preparation,Road,L,3093.600044602831
2025-05-14,Pavement,Road,m2,2804.0746524015735
2025-03-16,Iron mining,Railway,m3,4065.7317415026296
2025-08-19,Coat preparation,Road,L,1151.825150050197
2025-01-26,Coat preparation,Road,L,2501.8637695023995
2025-01-14,Iron mining,Railway,m3,4921.190732909013
2025-05-25,Foundation pouring,Building,m3,3284.8178487848554
2025-11-03,Iron mining,Railway,m3,1232.854517695392
2025-09-22,Anchorage,Railway,m2,3397.1729343583334
2025-01-03,Cement making,Building,m3,1748.1488815152068
2025-03-20,Walling,Building,m2,211.22570955716512
2025-02-17,Rolling/Tractor,Road,m2,4752.089521504217
2025-02-09,Terrain leveling,Building,m3,4770.823987705151
2025-05-13,Iron mining,Railway,m3,1572.6175830362265
2025-02-22,Subbase application,Road,m2,76.95198050003572
2025-07-09,Ballast,Railway,m3,3285.6278424350944
2025-11-21,Iron mining,Railway,m3,501.02244268449004
2025-10-26,Subbase application,Road,m2,441.113553074563
2025-01-22,Walling,Building,m2,3957.35990876569
2025-10-24,Terrain leveling,Building,m3,3938.3889726976577
2025-11-12,Iron mining,Railway,m3,3100.774293538194
2025-10-05,Subbase application,Road,m2,1057.7328414215453
2025-11-22,Terrain leveling,Building,m3,2417.2596984982088
2025-06-15,Subbase application,Road,m2,4136.191234483391
2025-04-09,Terrain leveling,Building,m3,4845.886622892772
2025-12-29,Pavement,Road,m2,4055.322432878431
2025-09-22,Walling,Building,m2,4317.477152650306
2025-04-29,Foundation pouring,Building,m3,2921.36006774806
2025-02-28,Pavement,Road,m2,4989.589157551507
2025-04-13,Foundation pouring,Building,m3,381.0067771966574
2025-07-27,Terrain leveling,Building,m3,1776.0215403450968
2025-03-04,Foundation pouring,Building,m3,1480.5940040154496
2025-08-21,Anchorage,Railway,m2,1150.1728317441596
2025-04-29,Terrain leveling,Building,m3,2878.801096288323
2025-11-12,Rolling/Tractor,Road,m2,1892.2207887455954
2025-11-12,Pavement,Road,m2,3334.0144786537685
2025-08-31,Ballast,Railway,m3,4056.6724001812504
2025-07-04,Rolling/Tractor,Road,m2,2461.6154807253833
2025-02-04,Pavement,Road,m2,4675.199691815588
2025-06-04,Subbase application,Road,m2,2783.268680333565
2025-09-25,Foundation pouring,Building,m3,2655.005184895029
2025-10-19,Walling,Building,m2,4543.273546272911
2025-09-24,Laying steel rail,Railway,m,4669.834046919096
2025-11-07,Subbase application,Road,m2,3854.2508281754936
2025-10-20,Walling,Building,m2,1113.1084970489935
2025-08-31,Removing trees,Building,m2,4648.240202055162
2025-07-27,Ballast,Railway,m3,1043.8227090860842
2025-06-08,Ballast,Railway,m3,1076.4526556300013
2025-08-06,Walling,Building,m2,518.5032373705451
2025-07-31,Cement making,Building,m3,3332.571457666042
2025-03-08,Foundation pouring,Building,m3,2388.7767666790273
2025-09-23,Subbase application,Road,m2,3016.1482418816545
2025-08-27,Laying steel rail,Railway,m,1035.342003933545
2025-10-29,Rolling/Tractor,Road,m2,4734.173064723269
2025-06-21,Subbase application,Road,m2,3196.232402785224
2025-11-14,Laying steel rail,Railway,m,4524.564870287923
2025-06-21,Ballast,Railway,m3,4980.385068339439
2025-10-28,Ballast,Railway,m3,223.7711850179319
2025-02-27,Coat preparation,Road,L,3896.2525570145963
2025-02-24,Walling,Building,m2,4174.885838697586
2025-06-24,Walling,Building,m2,2688.4778802205446
2025-10-26,Iron mining,Railway,m3,3750.0714331370737
2025-04-28,Coat preparation,Road,L,491.78963479897806
2025-09-29,Coat preparation,Road,L,4343.378313853743
2025-10-31,Rolling/Tractor,Road,m2,1167.9890111718066
2025-03-09,Coat preparation,Road,L,3563.4015293772054
2025-04-25,Iron mining,Railway,m3,3186.240280504542
2025-09-15,Removing trees,Building,m2,2840.130694291613
2025-06-26,Cement making,Building,m3,395.2981159646696
2025-10-09,Foundation pouring,Building,m3,1061.7041244437426
2025-09-28,Rolling/Tractor,Road,m2,984.6301349112347
2025-09-05,Ballast,Railway,m3,1913.8348713877451
2025-06-09,Subbase application,Road,m2,3664.807766847339
2025-11-28,Coat preparation,Road,L,1531.0652034621098
2025-09-10,Coat preparation,Road,L,1050.6238465618278
2025-12-03,Foundation pouring,Building,m3,2842.7389909258127
2025-11-21,Coat preparation,Road,L,1697.0862865296288
2025-05-30,Coat preparation,Road,L,3550.03528213447
2025-10-26,Subbase application,Road,m2,2622.066305864898
2025-04-08,Terrain leveling,Building,m3,2180.3442951546913
2025-06-05,Anchorage,Railway,m2,212.6279123498187
2025-12-05,Rolling/Tractor,Road,m2,3792.8198590321117
2025-08-26,Cement making,Building,m3,527.0138702740085
2025-03-21,Ballast,Railway,m3,4049.6146389909204
2025-06-21,Removing trees,Building,m2,2402.355998734332
2025-06-21,Laying steel rail,Railway,m,1900.9872769064134
2025-02-28,Terrain leveling,Building,m3,2800.227725799471
2025-06-09,Walling,Building,m2,1673.4120804748231
2025-12-05,Anchorage,Railway,m2,1168.3696969552982
2025-04-18,Coat preparation,Road,L,996.6601630549765
2025-05-29,Rolling/Tractor,Road,m2,576.8549209368673
2025-12-13,Cement making,Building,m3,591.5673643912717
2025-01-31,Pavement,Road,m2,1169.5752622523587
2025-12-01,Rolling/Tractor,Road,m2,3282.2289363151335
2025-02-15,Ballast,Railway,m3,1335.533224659175
2025-01-23,Cement making,Building,m3,746.4397020776054
2025-09-20,Walling,Building,m2,2586.7198772794636
2025-11-05,Terrain leveling,Building,m3,2012.4462276869892
2025-12-01,Cement making,Building,m3,3677.412028499552
2025-12-13,Walling,Building,m2,4819.0156273334205
2025-11-27,Subbase application,Road,m2,2119.981520847296
2025-10-24,Rolling/Tractor,Road,m2,934.3295374181504
2025-01-31,Anchorage,Railway,m2,3160.590410024342
2025-03-16,Terrain leveling,Building,m3,866.5409839502386
2025-10-09,Ballast,Railway,m3,2049.6521487154773
2025-01-29,Walling,Building,m2,68.6213335246505
2025-01-05,Foundation pouring,Building,m3,4261.230730812356
2025-12-19,Walling,Building,m2,3450.3774470185244
2025-05-18,Coat preparation,Road,L,226.58045752526945
2025-12-16,Removing trees,Building,m2,2453.6260187824196
2025-09-03,Subbase application,Road,m2,3303.1143641201393
2025-10-12,Coat preparation,Road,L,4049.2180962762004
2025-11-13,Laying steel rail,Railway,m,2613.928184898118
2025-06-07,Coat preparation,Road,L,188.06279828228023
2025-11-09,Iron mining,Railway,m3,1186.6634730785997
2025-12-16,Cement making,Building,m3,3627.9928959172953
2025-01-09,Rolling/Tractor,Road,m2,475.4227493936841
2025-10-07,Iron mining,Railway,m3,4794.144404849864
2025-06-02,Ballast,Railway,m3,2956.4608286618145
2025-07-08,Laying steel rail,Railway,m,2776.741362237761
2025-07-21,Anchorage,Railway,m2,1497.6737310668163
2025-08-16,Removing trees,Building,m2,1575.4108302519087
2025-05-08,Iron mining,Railway,m3,3673.057350206915
2025-04-15,Anchorage,Railway,m2,2846.421971426968
2025-09-17,Cement making,Building,m3,3045.253041147495
2025-11-29,Pavement,Road,m2,265.9203285834744
2025-03-08,Subbase application,Road,m2,1700.3659345666456
2025-06-03,Foundation pouring,Building,m3,4990.0766290480615
2025-02-09,Cement making,Building,m3,1377.122502193066
2025-08-20,Walling,Building,m2,4858.216424732174
2025-11-15,Anchorage,Railway,m2,1384.195444671853
2025-02-06,Subbase application,Road,m2,2967.9618693593975
2025-01-18,Iron mining,Railway,m3,3001.6228170275285
2025-09-25,Walling,Building,m2,4057.0625883674384
2025-05-03,Ballast,Railway,m3,2180.488650008562
2025-03-30,Removing trees,Building,m2,4994.2032311467165
2025-04-30,Iron mining,Railway,m3,3414.623337573198
2025-06-29,Removing trees,Building,m2,334.2559367503317
2025-07-29,Walling,Building,m2,593.5867133261974
2025-07-10,Ballast,Railway,m3,4790.2274043126445
2025-10-31,Subbase application,Road,m2,4251.563787105053
2025-06-08,Ballast,Railway,m3,56.9022036451311
2025-08-01,Terrain leveling,Building,m3,4805.346401970784
2025-07-31,Pavement,Road,m2,2366.667529270302
2025-04-14,Rolling/Tractor,Road,m2,2389.002133406208
2025-01-17,Laying steel rail,Railway,m,4627.352084412472
2025-02-13,Walling,Building,m2,4615.198352153556
2025-06-14,Anchorage,Railway,m2,880.637744558399
2025-12-07,Anchorage,Railway,m2,3754.9137285074535
2025-07-22,Removing trees,Building,m2,3007.5730286838916
2025-10-29,Subbase application,Road,m2,1269.2411996124408
2025-08-22,Terrain leveling,Building,m3,2209.2137494801223
2025-05-09,Iron mining,Railway,m3,549.3744893453428
2025-04-05,Foundation pouring,Building,m3,4404.048159389306
2025-07-02,Pavement,Road,m2,2933.2224259078453
2025-01-09,Rolling/Tractor,Road,m2,642.6539888085414
2025-11-24,Anchorage,Railway,m2,3238.387709401792
2025-04-18,Terrain leveling,Building,m3,1261.3649360871864
2025-07-22,Anchorage,Railway,m2,1959.7671988922505
2025-10-08,Ballast,Railway,m3,1332.3396018030842
2025-02-28,Ballast,Railway,m3,3063.5011493366997
2025-10-19,Walling,Building,m2,2053.4775458054964
2025-06-29,Anchorage,Railway,m2,4714.473038561137
2025-02-10,Pavement,Road,m2,2828.610640734508
2025-03-13,Rolling/Tractor,Road,m2,1908.4919635162612
2025-08-01,Pavement,Road,m2,671.1956666960156
2025-07-26,Foundation pouring,Building,m3,3558.4949878555717
2025-04-15,Coat preparation,Road,L,1212.6147145306866
2025-04-24,Terrain leveling,Building,m3,4181.78109239935
2025-11-22,Iron mining,Railway,m3,4482.773275130208
2025-08-28,Ballast,Railway,m3,3637.006390300028
2025-05-30,Terrain leveling,Building,m3,1963.9857693730705
2025-12-03,Anchorage,Railway,m2,4909.369580473097
2025-01-26,Cement making,Building,m3,1391.5433633285213
2025-02-06,Removing trees,Building,m2,4393.425655443367
2025-04-05,Subbase application,Road,m2,4812.612306811308
2025-12-10,Pavement,Road,m2,4487.975061465395
2025-10-02,Laying steel rail,Railway,m,2430.3599046014065
2025-02-17,Pavement,Road,m2,2218.557575553288
2025-11-24,Pavement,Road,m2,1397.9517564521943
2025-05-08,Rolling/Tractor,Road,m2,3521.6753914716646
2025-05-12,Removing trees,Building,m2,617.1850281828922
2025-08-02,Walling,Building,m2,1351.808693883585
2025-03-19,Anchorage,Railway,m2,603.291576787226
2025-07-20,Laying steel rail,Railway,m,857.7543486815637
2025-01-24,Foundation pouring,Building,m3,3949.473676127356
2025-07-14,Cement making,Building,m3,78.38792065419764
2025-10-29,Ballast,Railway,m3,1945.05287163382
2025-08-17,Iron mining,Railway,m3,4348.571786045597
2025-03-12,Foundation pouring,Building,m3,537.0832566286576
2025-09-08,Iron mining,Railway,m3,3411.9179523635135
2025-12-08,Walling,Building,m2,3378.679775048354
2025-08-04,Walling,Building,m2,1996.1678115552872
2025-04-22,Removing trees,Building,m2,1964.252460886879
2025-10-09,Foundation pouring,Building,m3,1816.1369018848206
2025-06-25,Foundation pouring,Building,m3,1332.85071989045
2025-07-16,Rolling/Tractor,Road,m2,984.9403434881976
2025-05-27,Cement making,Building,m3,2030.7659284179065
2025-04-12,Subbase application,Road,m2,3102.377717639732
2025-11-18,Pavement,Road,m2,2702.693787587012
2025-10-23,Removing trees,Building,m2,3675.1207835068485
2025-11-26,Ballast,Railway,m3,2050.740813272486
2025-07-09,Iron mining,Railway,m3,1441.2724797585258
2025-05-01,Rolling/Tractor,Road,m2,920.3841372885157
2025-03-01,Walling,Building,m2,2915.90224401578
2025-10-31,Cement making,Building,m3,884.5421403641079
2025-07-03,Removing trees,Building,m2,3447.634815664862
2025-10-05,Anchorage,Railway,m2,1077.9471060347696
2025-05-08,Iron mining,Railway,m3,4041.960827614404
2025-07-02,Removing trees,Building,m2,2845.1532412727734
2025-08-25,Rolling/Tractor,Road,m2,1536.732511930609
2025-05-26,Anchorage,Railway,m2,2402.284318625093
2025-09-26,Foundation pouring,Building,m3,2640.7413374347852
2025-07-27,Rolling/Tractor,Road,m2,4554.898949761363
2025-03-17,Subbase application,Road,m2,4208.169145163867
2025-06-10,Foundation pouring,Building,m3,176.3862189437093
2025-12-20,Iron mining,Railway,m3,620.2618736980281
2025-10-20,Subbase application,Road,m2,2731.7394150633518
2025-01-09,Coat preparation,Road,L,1590.3529804913662
2025-11-27,Iron mining,Railway,m3,3463.39179044383
2025-03-16,Anchorage,Railway,m2,3268.324361751369
2025-02-20,Walling,Building,m2,3756.4211322575698
2025-03-14,Walling,Building,m2,2474.036860858471
2025-03-02,Foundation pouring,Building,m3,4721.597496268679
2025-01-27,Ballast,Railway,m3,1873.903065886951
2025-11-04,Removing trees,Building,m2,2712.5950542020664
2025-03-25,Cement making,Building,m3,1177.6742431682612
2025-07-07,Coat preparation,Road,L,2598.7164971644083
2025-02-10,Walling,Building,m2,80.11110915509711
2025-07-17,Removing trees,Building,m2,4401.5789332362665
2025-03-31,Foundation pouring,Building,m3,3920.339250571781
2025-09-18,Terrain leveling,Building,m3,4862.632214344451
2025-04-13,Removing trees,Building,m2,2455.534270598101
2025-08-11,Iron mining,Railway,m3,1611.7629975087339
2025-04-18,Foundation pouring,Building,m3,4929.721751996689
2025-09-22,Foundation pouring,Building,m3,4563.586831540434
2025-12-07,Rolling/Tractor,Road,m2,806.8483985161213
2025-04-23,Removing trees,Building,m2,1669.7280653303037
2025-10-02,Laying steel rail,Railway,m,2283.2125297400867
2025-01-22,Laying steel rail,Railway,m,4129.190160215021
2025-10-06,Foundation pouring,Building,m3,2510.522374148843
2025-04-27,Laying steel rail,Railway,m,1015.9664451387068
2025-06-16,Iron mining,Railway,m3,2469.3527097563056
2025-05-09,Walling,Building,m2,4168.829584985225
2025-12-27,Rolling/Tractor,Road,m2,615.0424027138873
2025-11-18,Coat preparation,Road,L,4232.663317590514
2025-07-04,Pavement,Road,m2,864.9306662413392
2025-07-22,Pavement,Road,m2,1308.007264687681
2025-08-14,Subbase application,Road,m2,2657.472443347475
2025-11-07,Terrain leveling,Building,m3,3604.320553311139
2025-06-10,Walling,Building,m2,2749.7638783866305
2025-12-20,Coat preparation,Road,L,2385.8260156810634
2025-05-31,Iron mining,Railway,m3,4049.3026311432127
2025-01-17,Cement making,Building,m3,2914.0724503712286
2025-11-26,Iron mining,Railway,m3,1126.7162728027497
2025-11-05,Pavement,Road,m2,830.2906459484366
2025-11-27,Removing trees,Building,m2,2516.417617514079
2025-02-20,Foundation pouring,Building,m3,4769.363886913514
2025-12-06,Subbase application,Road,m2,3478.7535370478936
2025-11-12,Foundation pouring,Building,m3,4976.286717816517
2025-12-27,Foundation pouring,Building,m3,2426.6505883467653
2025-03-20,Cement making,Building,m3,4310.232225743546
2025-08-16,Subbase application,Road,m2,4677.852238690587
2025-11-30,Subbase application,Road,m2,2510.0444642017433
2025-04-02,Laying steel rail,Railway,m,1905.7709484585023
2025-05-31,Pavement,Road,m2,3681.754606591705
2025-02-13,Iron mining,Railway,m3,2562.331574695058
2025-11-19,Anchorage,Railway,m2,111.58978206224523
2025-10-12,Rolling/Tractor,Road,m2,1428.8879364887996
2025-10-20,Rolling/Tractor,Road,m2,1149.290677047904
2025-08-12,Subbase application,Road,m2,1219.6887281626546
2025-12-26,Terrain leveling,Building,m3,2723.1311240111136
2025-01-09,Pavement,Road,m2,79.13294510936197
2025-09-24,Rolling/Tractor,Road,m2,1200.9753169858338
2025-07-06,Ballast,Railway,m3,4751.2720186825945
2025-02-15,Pavement,Road,m2,2696.525414917641
2025-09-29,Pavement,Road,m2,4889.117890424341
2025-12-22,Removing trees,Building,m2,2416.480112352951
2025-10-26,Cement making,Building,m3,1253.1390742033054
2025-04-02,Iron mining,Railway,m3,366.910740515845
2025-07-25,Rolling/Tractor,Road,m2,4623.049492184067
2025-02-28,Anchorage,Railway,m2,3284.3897763405466
2025-06-07,Coat preparation,Road,L,2924.2001588756666
2025-06-19,Coat preparation,Road,L,4362.291469785811
2025-11-29,Terrain leveling,Building,m3,2018.5120281225566
2025-06-15,Removing trees,Building,m2,2522.6033535574657
2025-02-15,Coat preparation,Road,L,3608.2577421582664
2025-07-26,Cement making,Building,m3,2190.3029964184766
2025-12-21,Laying steel rail,Railway,m,2886.8125212363375
2025-06-08,Removing trees,Building,m2,4796.9952078854685
2025-11-07,Anchorage,Railway,m2,4690.810170660159
2025-05-09,Terrain leveling,Building,m3,4343.5827221331265
2025-10-09,Ballast,Railway,m3,1569.4187411430155
2025-04-19,Iron mining,Railway,m3,43.138264695852804
2025-04-21,Subbase application,Road,m2,4104.494897617494
2025-08-28,Removing trees,Building,m2,3334.115162734998
2025-05-07,Removing trees,Building,m2,65.398364241534
2025-02-07,Rolling/Tractor,Road,m2,4874.214121019618
2025-07-05,Laying steel rail,Railway,m,1248.805135556883
2025-04-16,Coat preparation,Road,L,2704.618304337938
2025-11-21,Foundation pouring,Building,m3,2680.905023635824
2025-09-22,Subbase application,Road,m2,2805.303331954279
2025-01-28,Subbase application,Road,m2,2900.2208649220506
2025-06-05,Walling,Building,m2,171.4800004204825
2025-07-28,Laying steel rail,Railway,m,4306.636875861441
2025-05-30,Foundation pouring,Building,m3,1240.0701650064877
2025-06-03,Walling,Building,m2,1678.154058980763
2025-12-18,Walling,Building,m2,3628.951287424681
2025-12-21,Removing trees,Building,m2,3402.8263717011296
2025-06-13,Walling,Building,m2,2350.428417635417
2025-06-24,Walling,Building,m2,4340.114377343888
2025-05-15,Laying steel rail,Railway,m,3788.2473531150763
2025-01-17,Iron mining,Railway,m3,463.70524872042904
2025-06-14,Ballast,Railway,m3,2133.0900233155394
2025-04-17,Rolling/Tractor,Road,m2,2106.2602797948725
2025-01-20,Ballast,Railway,m3,2737.902850884112
2025-11-17,Pavement,Road,m2,4144.517646418974
2025-01-18,Subbase application,Road,m2,2048.975052453677
2025-03-09,Anchorage,Railway,m2,4359.008613119652
2025-05-01,Coat preparation,Road,L,3693.1728873526913
2025-11-15,Foundation pouring,Building,m3,364.04046465141613
2025-04-20,Walling,Building,m2,742.2767281335719
2025-05-29,Coat preparation,Road,L,427.6328537149576
2025-12-15,Iron mining,Railway,m3,3652.46685316814
2025-04-06,Cement making,Building,m3,4544.20052920175
2025-05-27,Removing trees,Building,m2,4395.54826498343
2025-06-25,Foundation pouring,Building,m3,1750.7878380532254
2025-12-15,Ballast,Railway,m3,2597.7481257534605
2025-07-07,Pavement,Road,m2,3715.763598438384
2025-03-19,Cement making,Building,m3,3305.497409010106
2025-12-25,Walling,Building,m2,3511.657577641404
2025-03-20,Rolling/Tractor,Road,m2,263.5262382316184
2025-11-20,Ballast,Railway,m3,3505.1987463996197
2025-03-16,Terrain leveling,Building,m3,4261.2459145169305
2025-01-04,Rolling/Tractor,Road,m2,860.929803708132
2025-08-25,Anchorage,Railway,m2,4355.515415806815
2025-10-15,Rolling/Tractor,Road,m2,22.710475807423137
2025-01-30,Foundation pouring,Building,m3,3272.6294768028224
2025-02-13,Pavement,Road,m2,82.05890169816821
2025-03-14,Terrain leveling,Building,m3,2425.2271279624656
2025-10-22,Laying steel rail,Railway,m,3395.0568780756485
2025-12-28,Cement making,Building,m3,1130.6875634073454
2025-07-09,Subbase application,Road,m2,4511.286535639974
2025-11-14,Laying steel rail,Railway,m,3400.7109739378666
2025-10-28,Removing trees,Building,m2,3129.1617904343625
2025-09-15,Foundation pouring,Building,m3,185.80814512849096
2025-09-26,Cement making,Building,m3,3701.6477196749775
2025-05-07,Laying steel rail,Railway,m,4036.3525201602097
2025-11-21,Pavement,Road,m2,653.6554552500456
2025-05-13,Pavement,Road,m2,4601.067476796178
2025-03-27,Removing trees,Building,m2,2215.697356838435
2025-02-06,Coat preparation,Road,L,276.081398350399
2025-05-22,Laying steel rail,Railway,m,1265.3666974331961
2025-08-25,Removing trees,Building,m2,3179.1209668660686
2025-04-13,Subbase application,Road,m2,1545.9491531258684
2025-03-03,Subbase application,Road,m2,3724.5412556398255
2025-06-08,Subbase application,Road,m2,1306.4167821728602
2025-03-04,Removing trees,Building,m2,3670.5756856985695
2025-07-13,Coat preparation,Road,L,4995.029276773528
2025-10-03,Walling,Building,m2,4089.7146669236663
2025-07-03,Cement making,Building,m3,1714.9539194159547
2025-08-08,Subbase application,Road,m2,250.09090955998124
2025-12-16,Anchorage,Railway,m2,899.3023023352081
2025-08-08,Pavement,Road,m2,4598.193987856431
2025-11-04,Foundation pouring,Building,m3,1128.694225177407
2025-12-10,Laying steel rail,Railway,m,1593.5292799070382
2025-02-01,Walling,Building,m2,4350.235797247882
2025-12-26,Subbase application,Road,m2,3990.732988060173
2025-07-06,Coat preparation,Road,L,475.3230787366253
2025-08-27,Foundation pouring,Building,m3,705.2930884767355
2025-10-21,Terrain leveling,Building,m3,1557.0281283139448
2025-08-04,Pavement,Road,m2,780.9115578573916
2025-08-13,Removing trees,Building,m2,1457.4395909383043
2025-11-04,Rolling/Tractor,Road,m2,4329.560586149087
2025-09-02,Laying steel rail,Railway,m,4202.031016336198
2025-01-11,Laying steel rail,Railway,m,3003.687365921642
2025-10-29,Walling,Building,m2,3532.111744872985
2025-11-16,Removing trees,Building,m2,4432.448506555109
2025-11-24,Walling,Building,m2,3567.257029255299
2025-11-20,Coat preparation,Road,L,4693.308439279989
2025-01-29,Walling,Building,m2,2896.242714043804
2025-10-25,Removing trees,Building,m2,1864.2028705902076
2025-04-03,Removing trees,Building,m2,855.7698953491488
2025-07-15,Coat preparation,Road,L,3811.500763662598
2025-02-11,Subbase application,Road,m2,2618.8300537421756
2025-01-05,Coat preparation,Road,L,2901.3387651630846
2025-06-27,Laying steel rail,Railway,m,996.0115678074766
2025-06-24,Cement making,Building,m3,297.0456503728003
2025-08-21,Cement making,Building,m3,409.83493372695244
2025-11-02,Cement making,Building,m3,2928.2191407835135
2025-02-03,Anchorage,Railway,m2,2300.131309332529
2025-04-05,Laying steel rail,Railway,m,2326.80192402005
2025-08-10,Foundation pouring,Building,m3,4582.757829110352
2025-04-18,Foundation pouring,Building,m3,3045.8850576488676
2025-11-06,Walling,Building,m2,3649.1364713861644
2025-02-26,Anchorage,Railway,m2,3765.926878093145
2025-07-20,Terrain leveling,Building,m3,4554.1535226446085
2025-05-18,Ballast,Railway,m3,4893.017927160107
2025-12-03,Ballast,Railway,m3,4398.194410762816
2025-09-12,Pavement,Road,m2,1141.4940114067933
2025-11-03,Removing trees,Building,m2,4728.19818630769
2025-08-29,Laying steel rail,Railway,m,1429.7358938868858
2025-02-22,Walling,Building,m2,4934.671622654714
2025-01-27,Ballast,Railway,m3,4298.900460372304
2025-05-07,Coat preparation,Road,L,4838.056996662412
2025-06-12,Cement making,Building,m3,1869.4980056298155
2025-07-25,Rolling/Tractor,Road,m2,2779.5053367318637
2025-11-05,Rolling/Tractor,Road,m2,1194.4023327880786
2025-12-20,Cement making,Building,m3,758.1797544413754
2025-10-29,Pavement,Road,m2,2347.7060854951615
2025-08-02,Pavement,Road,m2,299.25960360122406
2025-05-17,Subbase application,Road,m2,4039.81302051053
2025-07-07,Anchorage,Railway,m2,2462.7887783166593
2025-12-07,Walling,Building,m2,287.66888436573436
2025-05-10,Rolling/Tractor,Road,m2,491.7253480754441
2025-01-14,Coat preparation,Road,L,1246.8433270853106
2025-06-02,Anchorage,Railway,m2,185.70354622751083
2025-01-23,Terrain leveling,Building,m3,4765.4122222359065
2025-09-11,Laying steel rail,Railway,m,1922.1834730875287
2025-03-18,Removing trees,Building,m2,2318.7566174825847
2025-01-24,Removing trees,Building,m2,935.2799252221516
2025-01-19,Foundation pouring,Building,m3,2484.386669409328
2025-05-28,Laying steel rail,Railway,m,2720.4556053461115
2025-06-21,Pavement,Road,m2,1005.961352813618
2025-08-27,Anchorage,Railway,m2,335.6259783352139
2025-07-25,Coat preparation,Road,L,4249.447877080891
2025-06-21,Foundation pouring,Building,m3,1600.6271236102598
2025-09-04,Anchorage,Railway,m2,679.8539022642352
2025-01-11,Foundation pouring,Building,m3,4301.386421693101
2025-01-01,Removing trees,Building,m2,76.55358503274978
2025-07-08,Coat preparation,Road,L,1135.832240535411
2025-02-10,Rolling/Tractor,Road,m2,4985.673712810502
2025-03-19,Removing trees,Building,m2,1308.2738105935366
2025-11-13,Terrain leveling,Building,m3,2290.441125497326
2025-09-10,Cement making,Building,m3,9.752816814806998
2025-08-09,Coat preparation,Road,L,1410.325267375896
2025-02-06,Walling,Building,m2,3995.1544643080856
2025-05-22,Cement making,Building,m3,147.12102426543473
2025-03-19,Foundation pouring,Building,m3,1674.484731524631
2025-10-21,Terrain leveling,Building,m3,445.0700359804866
2025-04-19,Iron mining,Railway,m3,3525.882693218977
2025-07-30,Foundation pouring,Building,m3,1671.3401123803023
2025-10-08,Anchorage,Railway,m2,1771.1895473539512
2025-02-19,Pavement,Road,m2,3535.6814739254733
2025-11-12,Coat preparation,Road,L,1550.2068927532564
2025-11-06,Anchorage,Railway,m2,3521.242356611978
2025-04-24,Coat preparation,Road,L,815.4520204800735
2025-12-12,Iron mining,Railway,m3,3994.109248880683
2025-08-13,Coat preparation,Road,L,2732.955723713568
2025-05-23,Terrain leveling,Building,m3,2783.268991417221
2025-10-12,Terrain leveling,Building,m3,2013.525009239739
2025-07-12,Removing trees,Building,m2,1495.8851845530673
2025-06-05,Rolling/Tractor,Road,m2,669.3455005263766
2025-11-20,Foundation pouring,Building,m3,659.9184603592951
2025-12-04,Cement making,Building,m3,1658.6498674597972
2025-01-23,Coat preparation,Road,L,2706.45723958707
2025-03-30,Iron mining,Railway,m3,1571.6321007164945
2025-04-13,Foundation pouring,Building,m3,2041.2983684354153
2025-08-25,Iron mining,Railway,m3,1358.396937695856
2025-09-16,Subbase application,Road,m2,2967.326041399562
2025-04-22,Laying steel rail,Railway,m,3398.4618925481695
2025-01-07,Cement making,Building,m3,1948.4790400033257
2025-11-09,Cement making,Building,m3,2364.483396160058
2025-01-01,Terrain leveling,Building,m3,1829.3093779889718
2025-08-28,Laying steel rail,Railway,m,3103.163952839846
2025-03-16,Pavement,Road,m2,4802.473877370005
2025-08-08,Walling,Building,m2,2515.775147795845
2025-05-24,Iron mining,Railway,m3,3545.451562661777
2025-12-14,Ballast,Railway,m3,1400.851587010653
2025-08-06,Rolling/Tractor,Road,m2,407.24459609132293
2025-09-21,Ballast,Railway,m3,763.197987792274
2025-10-10,Removing trees,Building,m2,2430.041851768286
2025-05-01,Laying steel rail,Railway,m,2896.591318012755
2025-09-29,Rolling/Tractor,Road,m2,1438.447802714154
2025-05-11,Cement making,Building,m3,2922.029856629907
2025-11-12,Walling,Building,m2,2252.900098731034
2025-04-13,Rolling/Tractor,Road,m2,4578.024289279246
2025-01-19,Laying steel rail,Railway,m,1101.7125177919263
2025-05-04,Removing trees,Building,m2,192.5633368355151
2025-02-21,Iron mining,Railway,m3,3569.5354234174233
2025-05-15,Laying steel rail,Railway,m,2555.711227949063
2025-07-19,Iron mining,Railway,m3,1465.055104661685
2025-08-26,Anchorage,Railway,m2,4104.379286666271
2025-10-05,Anchorage,Railway,m2,3087.975923556546
2025-12-11,Terrain leveling,Building,m3,533.1048489138168
2025-03-23,Ballast,Railway,m3,2779.6104891084296
2025-03-05,Ballast,Railway,m3,2872.4829678385704
2025-05-30,Pavement,Road,m2,4842.015083264762
2025-03-21,Cement making,Building,m3,3805.433741736275
2025-06-29,Ballast,Railway,m3,1881.179692126796
2025-02-11,Cement making,Building,m3,4705.31075869246
2025-05-10,Ballast,Railway,m3,4078.3145276227137
2025-06-08,Terrain leveling,Building,m3,4622.918386419019
2025-03-12,Coat preparation,Road,L,3512.1608653119524
2025-11-21,Walling,Building,m2,3375.1245113043365
2025-03-27,Iron mining,Railway,m3,1371.2495391377045
2025-05-24,Terrain leveling,Building,m3,3508.6194302977447
2025-11-24,Removing trees,Building,m2,2119.2544232663004
2025-07-22,Iron mining,Railway,m3,350.5675641972855
2025-04-08,Terrain leveling,Building,m3,1554.577405870783
2025-01-26,Subbase application,Road,m2,1594.85294594906
2025-10-05,Ballast,Railway,m3,3366.9017064544305
2025-04-14,Removing trees,Building,m2,999.163373106699
2025-03-25,Subbase application,Road,m2,4602.954576425677
2025-09-06,Removing trees,Building,m2,1234.4905969323083
2025-04-08,Walling,Building,m2,4259.737139663358
2025-03-07,Cement making,Building,m3,4794.298098005972
2025-08-12,Rolling/Tractor,Road,m2,3609.0246677242717
2025-07-12,Coat preparation,Road,L,1054.593272335979
2025-05-13,Anchorage,Railway,m2,3389.404734523952
2025-02-16,Coat preparation,Road,L,1106.733791621054
2025-09-14,Anchorage,Railway,m2,3483.243819391251
2025-05-19,Rolling/Tractor,Road,m2,2249.712188546513
2025-04-20,Walling,Building,m2,3411.9084117193966
2025-04-24,Subbase application,Road,m2,3024.9577901428015
2025-12-02,Anchorage,Railway,m2,2953.8050978247406
2025-07-18,Ballast,Railway,m3,260.8215646110851
2025-03-27,Cement making,Building,m3,1421.2381735294482
2025-10-19,Terrain leveling,Building,m3,1731.6817424108895
2025-12-10,Cement making,Building,m3,1862.9699216633155
2025-06-07,Removing trees,Building,m2,53.23382596689574
2025-04-08,Rolling/Tractor,Road,m2,4413.333338666079
2025-08-13,Walling,Building,m2,3265.5605039982106
2025-05-25,Coat preparation,Road,L,643.8094241870095
2025-10-02,Terrain leveling,Building,m3,3992.9751908570165
2025-12-28,Anchorage,Railway,m2,1531.5138077546935
2025-08-21,Subbase application,Road,m2,3017.712008270926
2025-08-28,Coat preparation,Road,L,4217.80169116436
2025-08-04,Walling,Building,m2,3825.9885726713314
2025-11-21,Laying steel rail,Railway,m,2250.3317768924285
2025-12-13,Walling,Building,m2,1051.8708710972912
2025-05-15,Rolling/Tractor,Road,m2,3378.9316750397206
2025-12-24,Ballast,Railway,m3,2488.1588929407344
2025-01-05,Anchorage,Railway,m2,89.36595669828407
2025-05-15,Laying steel rail,Railway,m,3295.0248802976316
2025-09-05,Terrain leveling,Building,m3,3023.8788735541907
2025-12-05,Cement making,Building,m3,2416.5410251669027
2025-05-13,Cement making,Building,m3,4851.800792862178
2025-04-03,Anchorage,Railway,m2,4822.132702177606
2025-12-27,Subbase application,Road,m2,3350.579351918446
2025-05-27,Cement making,Building,m3,4693.3027698165015
2025-03-23,Pavement,Road,m2,2754.703452826008
2025-02-21,Foundation pouring,Building,m3,1854.03499405212
2025-01-06,Subbase application,Road,m2,2378.889838671794
2025-04-24,Iron mining,Railway,m3,2733.7785189610577
2025-03-04,Anchorage,Railway,m2,3158.732410464846
2025-03-03,Foundation pouring,Building,m3,3701.9268447713284
2025-07-04,Subbase application,Road,m2,847.2788276462522
2025-04-17,Subbase application,Road,m2,328.66069947562414
2025-03-28,Laying steel rail,Railway,m,2914.5795266845507
2025-12-19,Iron mining,Railway,m3,4724.766164611414
2025-09-11,Terrain leveling,Building,m3,3708.4151234035094
2025-09-16,Cement making,Building,m3,1667.7407528154215
2025-10-12,Terrain leveling,Building,m3,4621.771603915602
2025-04-26,Rolling/Tractor,Road,m2,4417.752248642197
2025-08-26,Iron mining,Railway,m3,1084.2182241379644
2025-06-02,Terrain leveling,Building,m3,508.7430586823333
2025-12-06,Ballast,Railway,m3,3342.523255953245
2025-08-15,Anchorage,Railway,m2,1020.5165499653395
2025-03-22,Coat preparation,Road,L,647.3812931482292
2025-06-14,Subbase application,Road,m2,1909.678607743906
2025-06-22,Laying steel rail,Railway,m,2529.157121759685
2025-05-10,Walling,Building,m2,522.9231994903755
2025-01-23,Walling,Building,m2,2971.5728003056106
2025-03-26,Subbase application,Road,m2,2916.77694770935
2025-11-08,Rolling/Tractor,Road,m2,4108.175732096373
2025-03-21,Subbase application,Road,m2,3654.387820290506
2025-05-27,Foundation pouring,Building,m3,1436.4675910200604
2025-09-17,Removing trees,Building,m2,3292.4394378483207
2025-10-03,Anchorage,Railway,m2,4817.389385291289
2025-04-12,Laying steel rail,Railway,m,3369.378307667946
2025-08-31,Foundation pouring,Building,m3,3786.4544717019417
2025-05-09,Subbase application,Road,m2,3778.788487017669
2025-02-20,Removing trees,Building,m2,1014.5759795501464
2025-02-16,Removing trees,Building,m2,4487.271358707042
2025-12-12,Anchorage,Railway,m2,3423.3106937759417
2025-12-17,Removing trees,Building,m2,2522.2697212118437
2025-03-14,Laying steel rail,Railway,m,2266.969276288455
2025-08-11,Foundation pouring,Building,m3,508.9932064897418
2025-07-14,Ballast,Railway,m3,4963.332168560158
2025-02-15,Coat preparation,Road,L,133.39968528895741
2025-09-25,Laying steel rail,Railway,m,90.43884978428784
2025-12-06,Terrain leveling,Building,m3,215.8858043488887
2025-02-25,Rolling/Tractor,Road,m2,508.3503043789606
2025-02-07,Pavement,Road,m2,423.12992650486825
2025-08-30,Terrain leveling,Building,m3,2235.5517220977845
2025-05-23,Anchorage,Railway,m2,3457.991168524843
2025-07-31,Anchorage,Railway,m2,467.7640950731721
2025-02-27,Walling,Building,m2,2143.43545158348
2025-03-18,Ballast,Railway,m3,4914.769142861388
2025-07-11,Rolling/Tractor,Road,m2,1559.4601926991231
2025-05-17,Removing trees,Building,m2,625.1596708390678
2025-06-23,Anchorage,Railway,m2,2064.616022549364
2025-03-16,Coat preparation,Road,L,330.8571106595315
2025-03-06,Anchorage,Railway,m2,3008.0464629269786
2025-02-05,Anchorage,Railway,m2,468.2867711783062
2025-02-23,Pavement,Road,m2,1445.4321706977541
2025-05-17,Removing trees,Building,m2,4801.156972801677
2025-07-25,Anchorage,Railway,m2,4553.65488060564
2025-05-08,Iron mining,Railway,m3,1595.1043945412873
2025-02-08,Cement making,Building,m3,1394.5802140691844
2025-02-14,Terrain leveling,Building,m3,3675.684927794633
2025-05-25,Rolling/Tractor,Road,m2,1517.6725387736728
2025-02-05,Pavement,Road,m2,4271.305384210727
2025-05-23,Ballast,Railway,m3,2783.1441223000147
2025-06-18,Rolling/Tractor,Road,m2,3119.0960589260676
2025-12-03,Pavement,Road,m2,4010.3161128034835
2025-06-08,Ballast,Railway,m3,4946.17417649667
2025-09-11,Subbase application,Road,m2,3247.5448465847185
2025-12-25,Ballast,Railway,m3,667.3735806668163
2025-10-24,Coat preparation,Road,L,2867.4901927485084
2025-11-05,Pavement,Road,m2,2733.82716519476
2025-10-17,Terrain leveling,Building,m3,2421.1391256647767
2025-09-22,Walling,Building,m2,1279.6698477264385
2025-11-20,Iron mining,Railway,m3,451.6557095540269
2025-04-19,Ballast,Railway,m3,3535.830231426724
2025-05-10,Rolling/Tractor,Road,m2,1850.0045596238247
2025-07-28,Walling,Building,m2,3384.048974349082
2025-12-09,Pavement,Road,m2,2012.9682159182976
2025-02-15,Cement making,Building,m3,1618.8841425286378
2025-04-17,Laying steel rail,Railway,m,3084.57928080265
2025-07-28,Rolling/Tractor,Road,m2,162.9495688746646
2025-02-05,Subbase application,Road,m2,3077.4516949743593
2025-09-11,Pavement,Road,m2,67.71283185205867
2025-01-19,Terrain leveling,Building,m3,1193.7079862513328
2025-01-16,Removing trees,Building,m2,40.00740728254459
2025-08-16,Laying steel rail,Railway,m,2318.231864204019
2025-01-14,Foundation pouring,Building,m3,3608.48620552086
2025-12-12,Walling,Building,m2,1421.2784485770203
2025-08-15,Ballast,Railway,m3,2014.447155515523
2025-08-03,Laying steel rail,Railway,m,2573.8623514954706
2025-05-16,Pavement,Road,m2,4842.052196383731
2025-03-22,Pavement,Road,m2,3898.0154564464538
2025-10-24,Coat preparation,Road,L,1142.5744212343452
2025-03-10,Ballast,Railway,m3,104.53108850378479
2025-06-30,Removing trees,Building,m2,2938.9508677866193
2025-03-24,Rolling/Tractor,Road,m2,232.13252686824893
2025-05-15,Ballast,Railway,m3,2087.966797178868
2025-06-27,Laying steel rail,Railway,m,3822.447545618749
2025-03-08,Removing trees,Building,m2,2329.62670010027
2025-02-08,Laying steel rail,Railway,m,1432.4241885949057
2025-12-16,Removing trees,Building,m2,4252.785506818747
2025-10-24,Coat preparation,Road,L,2096.9634592847624
2025-08-23,Pavement,Road,m2,2873.4512962618232
2025-02-02,Ballast,Railway,m3,3966.013904606705
2025-04-08,Coat preparation,Road,L,562.1993593077851
2025-01-27,Terrain leveling,Building,m3,4817.991933824822
2025-12-14,Removing trees,Building,m2,2409.1130740720955
2025-08-30,Rolling/Tractor,Road,m2,4820.356495302523
2025-01-18,Iron mining,Railway,m3,3502.230337441039
2025-02-06,Foundation pouring,Building,m3,2703.045696006168
2025-10-29,Coat preparation,Road,L,2476.6282880380113
2025-01-08,Rolling/Tractor,Road,m2,2225.2258899649414
2025-06-09,Cement making,Building,m3,1508.4039965316747
2025-04-23,Anchorage,Railway,m2,4353.722515446873
2025-10-14,Anchorage,Railway,m2,3357.6699269601936
2025-03-19,Anchorage,Railway,m2,1195.3030465906934
2025-10-05,Ballast,Railway,m3,1268.4062464638273
2025-11-21,Terrain leveling,Building,m3,4306.72616573995
2025-11-29,Cement making,Building,m3,406.1081705576319
2025-02-05,Anchorage,Railway,m2,2277.609351347117
2025-05-08,Coat preparation,Road,L,1936.5184742190588
2025-03-01,Anchorage,Railway,m2,2282.5152531211606
2025-08-31,Coat preparation,Road,L,4934.60137916623
2025-01-30,Terrain leveling,Building,m3,2830.41690294491
2025-10-30,Anchorage,Railway,m2,660.923253754705
2025-12-04,Rolling/Tractor,Road,m2,11.434161249340157
2025-01-26,Foundation pouring,Building,m3,4685.7713760503975
2025-08-29,Iron mining,Railway,m3,2821.396436143384
2025-02-10,Iron mining,Railway,m3,197.04449984291273
2025-03-02,Subbase application,Road,m2,2412.6845314784714
2025-09-14,Removing trees,Building,m2,1147.941956196466
2025-12-09,Foundation pouring,Building,m3,1512.6498769890507
2025-11-29,Removing trees,Building,m2,3720.904531022632
2025-10-25,Foundation pouring,Building,m3,4515.757242557691
2025-04-10,Walling,Building,m2,3675.615789165653
2025-04-06,Foundation pouring,Building,m3,2498.9040901750936
2025-04-08,Coat preparation,Road,L,4266.0508080391155
2025-02-04,Walling,Building,m2,4346.948125779587
2025-05-13,Cement making,Building,m3,3543.808674899868
2025-08-27,Pavement,Road,m2,2382.5271970269755
2025-08-02,Removing trees,Building,m2,1485.9276295871455
2025-05-27,Walling,Building,m2,55.34308556713774
2025-03-09,Pavement,Road,m2,4703.05734625441
2025-11-27,Laying steel rail,Railway,m,2905.1620565340204
2025-04-07,Ballast,Railway,m3,1690.6364638418208
2025-10-09,Foundation pouring,Building,m3,1823.1629785275084
2025-05-25,Removing trees,Building,m2,2108.3612829782674
2025-09-22,Iron mining,Railway,m3,2610.652142982781
2025-08-10,Anchorage,Railway,m2,3322.8476405258307
2025-08-02,Removing trees,Building,m2,594.6173825298301
2025-02-27,Iron mining,Railway,m3,3070.5127675669137
2025-10-31,Foundation pouring,Building,m3,2087.5690825698334
2025-11-26,Subbase application,Road,m2,4222.201039531145
2025-04-21,Ballast,Railway,m3,1365.4244185066
2025-06-17,Terrain leveling,Building,m3,2122.218485327018
2025-09-21,Removing trees,Building,m2,1532.0360691877484
2025-01-05,Laying steel rail,Railway,m,4180.848095131901
2025-02-01,Cement making,Building,m3,3701.912189021583
2025-07-02,Cement making,Building,m3,404.1077576361929
2025-03-28,Iron mining,Railway,m3,782.6692942671087
2025-07-02,Ballast,Railway,m3,1414.8623041847359
2025-03-29,Laying steel rail,Railway,m,1304.122592912405
2025-08-03,Walling,Building,m2,1557.1693667175723
2025-04-20,Laying steel rail,Railway,m,109.34686290273665
2025-10-02,Rolling/Tractor,Road,m2,4667.0627500311775
2025-10-04,Laying steel rail,Railway,m,791.599875752308
2025-04-11,Removing trees,Building,m2,2558.354474779263
2025-10-05,Foundation pouring,Building,m3,4886.145558757048
2025-07-24,Removing trees,Building,m2,3716.3672245518414
2025-07-23,Ballast,Railway,m3,2473.5507959319425
2025-12-25,Subbase application,Road,m2,4855.027136575257
2025-08-15,Iron mining,Railway,m3,3846.1686825737534
2025-12-29,Coat preparation,Road,L,97.11141993420713
2025-06-11,Coat preparation,Road,L,2666.8234663314784
2025-03-29,Ballast,Railway,m3,3541.6415677335194
2025-09-09,Pavement,Road,m2,3902.120937388434
2025-03-02,Iron mining,Railway,m3,1828.83948679176
2025-05-25,Coat preparation,Road,L,3145.6580115750053
2025-10-24,Terrain leveling,Building,m3,178.46727383719508
2025-05-13,Coat preparation,Road,L,4521.369414723617
2025-03-08,Removing trees,Building,m2,922.8949767766632
2025-06-07,Coat preparation,Road,L,3546.4206427384447
2025-09-30,Cement making,Building,m3,3177.3818842116134
2025-01-17,Rolling/Tractor,Road,m2,1367.8633737223518
2025-06-06,Walling,Building,m2,366.706990762396
2025-11-25,Removing trees,Building,m2,2008.5414344504943
2025-12-20,Rolling/Tractor,Road,m2,3473.694552687556
2025-07-26,Pavement,Road,m2,2365.665825003934
2025-07-07,Rolling/Tractor,Road,m2,3189.9912998663667
2025-02-01,Iron mining,Railway,m3,3009.6320878571655
2025-09-02,Anchorage,Railway,m2,2465.659473011701
2025-02-14,Laying steel rail,Railway,m,4499.986469761651
2025-09-05,Subbase application,Road,m2,89.15286167692382
2025-09-18,Terrain leveling,Building,m3,4248.270056942472
2025-12-26,Cement making,Building,m3,3934.7823310066838
2025-01-10,Removing trees,Building,m2,1551.48384813866
2025-07-25,Rolling/Tractor,Road,m2,3926.998003595216
2025-02-21,Rolling/Tractor,Road,m2,1542.1899939619377
2025-09-05,Terrain leveling,Building,m3,1860.221766777323
2025-03-09,Foundation pouring,Building,m3,1558.241606538381
2025-03-18,Ballast,Railway,m3,4234.435330712352
2025-11-22,Anchorage,Railway,m2,2042.635645273536
2025-08-03,Ballast,Railway,m3,1709.5276510087015
2025-01-05,Iron mining,Railway,m3,3117.2047000886387
2025-12-21,Coat preparation,Road,L,2619.1638390930807
2025-09-22,Rolling/Tractor,Road,m2,1617.378859376918
2025-06-16,Ballast,Railway,m3,3925.659274848964
2025-04-08,Ballast,Railway,m3,1672.9927350011526
2025-10-14,Iron mining,Railway,m3,733.4173099260515
2025-04-15,Cement making,Building,m3,2025.423124232768
2025-07-05,Subbase application,Road,m2,4936.666688744136
2025-06-21,Foundation pouring,Building,m3,696.8935493632406
2025-08-06,Subbase application,Road,m2,1168.6543356116274
2025-03-19,Pavement,Road,m2,2495.664588460533
2025-08-22,Coat preparation,Road,L,3089.617294944142
2025-04-29,Removing trees,Building,m2,3132.4703971772688
2025-04-17,Cement making,Building,m3,3329.653285491145
2025-09-11,Foundation pouring,Building,m3,3529.7950911810203
2025-08-08,Cement making,Building,m3,4454.293692160237
2025-01-10,Ballast,Railway,m3,676.6008720149241
2025-07-16,Coat preparation,Road,L,993.7936152680254
2025-04-21,Anchorage,Railway,m2,3176.4828622975683
2025-08-22,Removing trees,Building,m2,1454.882978936447
2025-04-05,Anchorage,Railway,m2,2375.896191792863
2025-02-01,Iron mining,Railway,m3,883.3726782261735
2025-05-08,Iron mining,Railway,m3,2669.383633950808
2025-05-27,Removing trees,Building,m2,769.3268640613454
2025-05-28,Rolling/Tractor,Road,m2,4648.334307577048
2025-11-07,Coat preparation,Road,L,2169.627984189419
2025-01-26,Removing trees,Building,m2,4185.782385468113
2025-07-18,Coat preparation,Road,L,886.1913301478153
2025-06-19,Anchorage,Railway,m2,2188.5733130033154
2025-01-22,Subbase application,Road,m2,386.7083012583078
2025-06-15,Foundation pouring,Building,m3,3565.683465448385
2025-07-29,Terrain leveling,Building,m3,4127.86608054841
2025-03-01,Terrain leveling,Building,m3,3282.7912522394727
2025-12-11,Walling,Building,m2,762.1524513771377
2025-10-22,Pavement,Road,m2,132.91669573806064
2025-10-20,Rolling/Tractor,Road,m2,2836.594845781864
2025-12-19,Removing trees,Building,m2,3845.0360527978146
2025-06-07,Coat preparation,Road,L,467.5092500600642
2025-11-30,Iron mining,Railway,m3,4280.340182874645
2025-01-02,Laying steel rail,Railway,m,4776.284820945842
2025-10-01,Cement making,Building,m3,1991.948032118388
2025-11-23,Removing trees,Building,m2,1758.5479017470113
2025-12-11,Cement making,Building,m3,1220.4769755435918
2025-06-11,Laying steel rail,Railway,m,3628.239301578385
2025-04-29,Terrain leveling,Building,m3,4196.351772314876
2025-10-05,Subbase application,Road,m2,3409.0853273297457
2025-06-30,Coat preparation,Road,L,1260.9270310730703
2025-05-23,Foundation pouring,Building,m3,1752.9008645186739
2025-05-11,Rolling/Tractor,Road,m2,2.598761388475368
2025-04-08,Terrain leveling,Building,m3,1245.7678767434766
2025-04-27,Walling,Building,m2,3140.661601024004
2025-11-17,Removing trees,Building,m2,4152.390429569728
2025-10-05,Cement making,Building,m3,4947.669834507508
2025-09-16,Ballast,Railway,m3,4963.224684888462
2025-12-05,Rolling/Tractor,Road,m2,2358.804611220711
2025-08-31,Rolling/Tractor,Road,m2,4800.069880874644
2025-01-31,Laying steel rail,Railway,m,711.9374557067382
2025-02-05,Foundation pouring,Building,m3,2739.822949754169
2025-08-03,Walling,Building,m2,1041.7741596701585
2025-09-27,Terrain leveling,Building,m3,4203.554619318527
2025-05-07,Pavement,Road,m2,2622.1105936128947
2025-07-15,Cement making,Building,m3,2483.8296616484854
2025-11-09,Anchorage,Railway,m2,4727.6562065652715
2025-07-17,Terrain leveling,Building,m3,236.5441969270937
2025-04-18,Ballast,Railway,m3,2446.277660536093
2025-02-28,Laying steel rail,Railway,m,3818.1038476439626
2025-09-04,Rolling/Tractor,Road,m2,4498.4451880551605
2025-02-16,Iron mining,Railway,m3,2912.5375367007173
2025-02-06,Subbase application,Road,m2,3957.088524083364
2025-06-01,Walling,Building,m2,3158.5129841135285
2025-07-12,Ballast,Railway,m3,161.29402324104035
2025-01-07,Walling,Building,m2,2879.942320176522
2025-05-01,Removing trees,Building,m2,4994.002755016148
2025-09-06,Coat preparation,Road,L,457.0876921035572
2025-05-07,Foundation pouring,Building,m3,1669.1702920371342
2025-04-22,Anchorage,Railway,m2,2993.2848709474947
2025-04-24,Foundation pouring,Building,m3,2729.163739273505
2025-12-14,Subbase application,Road,m2,365.5006123173071
2025-08-20,Walling,Building,m2,1679.3282355558065
2025-09-15,Coat preparation,Road,L,2359.1714639337815
2025-10-20,Foundation pouring,Building,m3,3533.8408557131074
2025-02-03,Pavement,Road,m2,2727.7723491805873
2025-06-03,Walling,Building,m2,2074.75941661296
2025-10-03,Cement making,Building,m3,2768.347874664374
2025-07-20,Subbase application,Road,m2,253.51408264214504
2025-08-08,Rolling/Tractor,Road,m2,2433.182615350012
2025-10-27,Rolling/Tractor,Road,m2,1419.2947670808214
2025-03-26,Rolling/Tractor,Road,m2,3406.647871931782
2025-03-26,Subbase application,Road,m2,2829.5588592536615
2025-07-03,Cement making,Building,m3,1751.17987067418
2025-04-01,Cement making,Building,m3,3681.2902630889594
2025-01-02,Ballast,Railway,m3,1187.819062380968
2025-02-01,Laying steel rail,Railway,m,3054.1231966040377
2025-09-26,Anchorage,Railway,m2,4329.6566829984195
2025-08-09,Anchorage,Railway,m2,1143.832393084343
2025-02-11,Cement making,Building,m3,970.1577467422545
2025-09-29,Pavement,Road,m2,812.1677972883451
2025-01-08,Coat preparation,Road,L,4066.2764371996313
2025-05-12,Ballast,Railway,m3,1221.1599874480512
2025-09-26,Laying steel rail,Railway,m,2306.5799500386993
2025-09-03,Ballast,Railway,m3,2450.7778321241703
2025-09-09,Laying steel rail,Railway,m,4059.6085261227927
2025-10-18,Anchorage,Railway,m2,2921.507219056324
2025-11-08,Walling,Building,m2,2234.203542191519
2025-01-17,Pavement,Road,m2,1920.7345270769665
2025-01-11,Walling,Building,m2,812.6487807757404
2025-06-29,Rolling/Tractor,Road,m2,3935.828438349686
2025-02-13,Ballast,Railway,m3,1934.7065362461863
2025-01-05,Laying steel rail,Railway,m,2058.967457256649
2025-01-04,Terrain leveling,Building,m3,1795.8720214098623
2025-09-20,Removing trees,Building,m2,3789.874338553783
2025-03-13,Walling,Building,m2,3890.6788339737486
2025-12-01,Removing trees,Building,m2,1822.893682028039
2025-01-28,Walling,Building,m2,380.2843104769671
2025-05-13,Pavement,Road,m2,2173.847627435617
2025-04-01,Subbase application,Road,m2,425.8738489159747
2025-04-04,Subbase application,Road,m2,448.7805080552554
2025-08-07,Removing trees,Building,m2,1023.0134648837502
2025-09-26,Iron mining,Railway,m3,4459.372154664132
2025-08-31,Terrain leveling,Building,m3,4248.715001286657
2025-12-27,Coat preparation,Road,L,1386.1519625054648
2025-01-18,Pavement,Road,m2,4428.795328784879
2025-11-24,Foundation pouring,Building,m3,3527.7696845494465
2025-03-22,Coat preparation,Road,L,1818.606636469764
2025-05-28,Coat preparation,Road,L,2458.8918674266547
2025-09-11,Pavement,Road,m2,2220.2837211366977
2025-11-22,Removing trees,Building,m2,3366.643675917257
2025-01-05,Walling,Building,m2,1023.5446845745328
2025-06-15,Removing trees,Building,m2,4021.0805911324715
2025-09-04,Iron mining,Railway,m3,3428.434524928147
2025-10-29,Laying steel rail,Railway,m,443.5294434062137
2025-04-13,Laying steel rail,Railway,m,795.2162233741905
2025-06-19,Terrain leveling,Building,m3,3911.732823362404
2025-09-24,Walling,Building,m2,861.2813288098597
2025-09-27,Coat preparation,Road,L,3635.8773279642874
2025-01-17,Cement making,Building,m3,1894.2247679158131
2025-12-29,Coat preparation,Road,L,1767.4882736763652
2025-08-17,Anchorage,Railway,m2,4125.2426171333045
2025-10-13,Pavement,Road,m2,2485.892233939332
2025-11-26,Foundation pouring,Building,m3,173.27034842400724
2025-09-11,Subbase application,Road,m2,725.9405135594354
2025-07-04,Foundation pouring,Building,m3,2757.671057091178
2025-08-04,Subbase application,Road,m2,1756.7616291067618
2025-12-23,Removing trees,Building,m2,1170.0629198175438
2025-03-20,Iron mining,Railway,m3,1744.6690368808788
2025-09-01,Rolling/Tractor,Road,m2,2582.673281165857
2025-05-12,Foundation pouring,Building,m3,2693.563213125659
2025-12-05,Foundation pouring,Building,m3,2894.4377564211545
2025-05-09,Subbase application,Road,m2,4672.177698083229
2025-04-30,Anchorage,Railway,m2,1024.301607059953
2025-10-13,Anchorage,Railway,m2,3037.647202316683
2025-06-01,Anchorage,Railway,m2,2155.591819311334
2025-02-18,Terrain leveling,Building,m3,836.818364663875
2025-09-30,Coat preparation,Road,L,2702.038956545871
2025-10-12,Terrain leveling,Building,m3,3707.551380966304
2025-12-22,Subbase application,Road,m2,3725.5523872627
2025-09-11,Iron mining,Railway,m3,4268.418712243352
2025-12-22,Removing trees,Building,m2,193.0654252760966
2025-10-01,Anchorage,Railway,m2,142.51043457828462
2025-05-18,Pavement,Road,m2,1053.9342442963766
2025-09-14,Laying steel rail,Railway,m,2734.7113707478316
2025-11-15,Subbase application,Road,m2,1374.121512977652
2025-02-10,Laying steel rail,Railway,m,606.3809253865782
2025-10-28,Terrain leveling,Building,m3,2136.740609466787
2025-04-03,Removing trees,Building,m2,560.7940432104152
2025-08-20,Ballast,Railway,m3,4252.8454782836825
2025-11-15,Walling,Building,m2,2270.3118464100685
2025-03-16,Walling,Building,m2,4498.402813748022
2025-05-11,Terrain leveling,Building,m3,2704.737807498267
2025-03-15,Ballast,Railway,m3,2664.2906605724725
2025-02-15,Ballast,Railway,m3,3631.7451661481364
2025-07-05,Ballast,Railway,m3,4071.454814780542
2025-07-02,Iron mining,Railway,m3,3786.08763165768
2025-03-06,Removing trees,Building,m2,1642.891694656466
2025-07-12,Walling,Building,m2,3785.3435196508217
2025-02-14,Laying steel rail,Railway,m,4052.178864589073
2025-12-26,Subbase application,Road,m2,1706.3858236453011
2025-09-04,Iron mining,Railway,m3,4683.4747197033075
2025-05-07,Subbase application,Road,m2,238.19540626061618
2025-03-21,Ballast,Railway,m3,1573.2581247506794
2025-07-21,Walling,Building,m2,3161.9812418544234
2025-06-14,Rolling/Tractor,Road,m2,1476.972109519475
2025-09-28,Pavement,Road,m2,2357.1586091152844
2025-10-25,Anchorage,Railway,m2,2265.9136960487526
2025-12-23,Ballast,Railway,m3,2729.2690843989926
2025-03-09,Rolling/Tractor,Road,m2,4047.3271928640897
2025-10-30,Pavement,Road,m2,2150.4601472503227
2025-05-06,Anchorage,Railway,m2,484.20244556657553
2025-06-28,Terrain leveling,Building,m3,3301.1388466542917
2025-06-15,Anchorage,Railway,m2,1525.6407848750275
2025-05-07,Anchorage,Railway,m2,2918.6776959851086
2025-05-09,Terrain leveling,Building,m3,1133.0946879026544
2025-02-07,Pavement,Road,m2,3470.7924076361955
2025-01-12,Laying steel rail,Railway,m,4075.933046567289
2025-09-02,Laying steel rail,Railway,m,4361.986716002942
2025-03-29,Removing trees,Building,m2,2679.645553379121
2025-05-08,Ballast,Railway,m3,1995.2251100354351
2025-07-02,Terrain leveling,Building,m3,4733.967577920164
2025-08-16,Terrain leveling,Building,m3,1.064449747227858
2025-03-13,Ballast,Railway,m3,33.02343697342391
2025-05-28,Terrain leveling,Building,m3,725.5468416321986
2025-02-21,Ballast,Railway,m3,4136.397586858772
2025-05-14,Laying steel rail,Railway,m,4258.299753709463
2025-06-28,Removing trees,Building,m2,554.3488876115848
2025-01-06,Subbase application,Road,m2,364.95169594662144
2025-10-24,Rolling/Tractor,Road,m2,2302.0734325586723
2025-10-01,Cement making,Building,m3,2253.9658408330242
2025-04-17,Laying steel rail,Railway,m,1501.2456243177824
2025-06-21,Removing trees,Building,m2,3107.53004582003
2025-06-18,Ballast,Railway,m3,3780.6632893469728
2025-06-23,Removing trees,Building,m2,298.77103607097223
2025-10-26,Iron mining,Railway,m3,2724.701473695465
2025-06-19,Rolling/Tractor,Road,m2,2622.2452998516014
2025-03-01,Foundation pouring,Building,m3,2605.81384485601
2025-08-05,Terrain leveling,Building,m3,4209.709259011695
2025-05-11,Removing trees,Building,m2,4417.278900662854
2025-08-07,Foundation pouring,Building,m3,4976.285768524232
2025-04-15,Laying steel rail,Railway,m,1580.8967595201684
2025-03-27,Pavement,Road,m2,940.3926538528162
2025-12-01,Anchorage,Railway,m2,1161.9134036340106
2025-02-22,Cement making,Building,m3,3940.6306474381813
2025-05-21,Foundation pouring,Building,m3,1484.955705009323
2025-08-13,Foundation pouring,Building,m3,1600.0513699092833
2025-11-19,Subbase application,Road,m2,449.4823395664171
2025-10-29,Laying steel rail,Railway,m,688.0542225855608
2025-07-24,Coat preparation,Road,L,4814.791146995987
2025-01-17,Terrain leveling,Building,m3,737.1496993244231
2025-10-07,Foundation pouring,Building,m3,1221.0209803180244
2025-05-16,Ballast,Railway,m3,1179.9234372184665
2025-01-18,Terrain leveling,Building,m3,676.189905810548
2025-12-23,Pavement,Road,m2,2784.0711764654734
2025-07-07,Laying steel rail,Railway,m,846.9099833208577
2025-11-03,Removing trees,Building,m2,4543.0296487679125
2025-05-31,Subbase application,Road,m2,2403.125183648569
2025-01-01,Anchorage,Railway,m2,1798.583332835294
2025-04-22,Terrain leveling,Building,m3,2280.5504930224065
2025-02-08,Pavement,Road,m2,2461.3246460944906
2025-06-22,Foundation pouring,Building,m3,2418.3248829218733
2025-02-14,Removing trees,Building,m2,95.80334704542115
2025-09-27,Ballast,Railway,m3,1917.9936329502418
2025-02-28,Subbase application,Road,m2,3049.816756105224
2025-05-31,Iron mining,Railway,m3,4751.926218167164
2025-11-16,Anchorage,Railway,m2,41.14056132796251
2025-06-30,Terrain leveling,Building,m3,2957.680308569363
2025-06-20,Laying steel rail,Railway,m,2839.0132235253436
2025-12-03,Pavement,Road,m2,4507.003365182865
2025-04-27,Ballast,Railway,m3,1170.202228109052
2025-03-11,Pavement,Road,m2,3785.897519079018
2025-03-18,Anchorage,Railway,m2,2378.181025228042
2025-05-08,Pavement,Road,m2,401.5777836922346
2025-04-07,Walling,Building,m2,1915.9032794190728
2025-02-17,Anchorage,Railway,m2,1113.7494004267278
2025-10-21,Rolling/Tractor,Road,m2,4564.327364024231
2025-09-20,Cement making,Building,m3,1326.2874630156164
2025-02-03,Terrain leveling,Building,m3,1556.033683489285
2025-10-29,Rolling/Tractor,Road,m2,3260.3893717224173
2025-02-11,Pavement,Road,m2,121.18624020815427
2025-07-05,Ballast,Railway,m3,635.2168731615848
2025-09-13,Ballast,Railway,m3,3546.2896638468083
2025-11-30,Iron mining,Railway,m3,114.95196297441723
2025-04-02,Terrain leveling,Building,m3,1688.6310483454397
2025-06-27,Foundation pouring,Building,m3,2634.454112376901
2025-05-31,Cement making,Building,m3,1174.2860349983857
2025-11-26,Cement making,Building,m3,2916.0712335822013
2025-04-29,Subbase application,Road,m2,1737.8126330861282
2025-09-16,Ballast,Railway,m3,4448.765296061572
2025-01-31,Subbase application,Road,m2,459.323787424199
2025-09-22,Anchorage,Railway,m2,4063.065301884894
2025-01-04,Foundation pouring,Building,m3,0.9584645283389204
2025-11-17,Walling,Building,m2,3131.347380681112
2025-02-12,Coat preparation,Road,L,3430.694973986819
2025-06-29,Pavement,Road,m2,4716.814125115906
2025-06-13,Cement making,Building,m3,3297.1501614601652
2025-08-28,Rolling/Tractor,Road,m2,2534.937050213377
2025-08-27,Anchorage,Railway,m2,2344.064494386863
2025-01-05,Foundation pouring,Building,m3,961.0519517022669
2025-11-11,Iron mining,Railway,m3,4546.5286405687475
2025-06-23,Pavement,Road,m2,2084.6281247739366
2025-12-01,Walling,Building,m2,2040.9763635299228
2025-11-17,Laying steel rail,Railway,m,2776.239645192906
2025-11-09,Rolling/Tractor,Road,m2,3395.2598935191695
2025-04-26,Rolling/Tractor,Road,m2,183.56708811776977
2025-04-29,Rolling/Tractor,Road,m2,3520.7899620682574
2025-09-30,Coat preparation,Road,L,4028.3818332084866
2025-08-17,Ballast,Railway,m3,3222.2271839686327
2025-08-26,Subbase application,Road,m2,3542.2670975986116
2025-01-02,Subbase application,Road,m2,1877.3596774512985
2025-03-29,Coat preparation,Road,L,1094.0928763757724
2025-12-21,Foundation pouring,Building,m3,3365.7979091397324
2025-05-05,Walling,Building,m2,250.60434281090727
2025-03-11,Terrain leveling,Building,m3,1054.5289535381048
2025-07-12,Removing trees,Building,m2,2630.917301559317
2025-07-06,Terrain leveling,Building,m3,1195.1459325654557
2025-08-23,Cement making,Building,m3,3908.624191555994
2025-01-13,Foundation pouring,Building,m3,1395.0170761924307
2025-04-09,Coat preparation,Road,L,3358.350609962815
2025-04-13,Laying steel rail,Railway,m,1155.4947286828353
2025-11-09,Cement making,Building,m3,3598.113610443657
2025-06-15,Iron mining,Railway,m3,3696.53574493059
2025-07-03,Subbase application,Road,m2,540.2047743630794
2025-08-26,Ballast,Railway,m3,2140.2758845230974
2025-02-22,Iron mining,Railway,m3,4911.4581643138545
2025-01-20,Pavement,Road,m2,446.9806049671082
2025-10-15,Pavement,Road,m2,3152.907210920627
2025-06-26,Pavement,Road,m2,485.5850878919088
2025-01-16,Anchorage,Railway,m2,657.62874475503
2025-02-22,Anchorage,Railway,m2,1087.2988007754398
2025-05-19,Laying steel rail,Railway,m,487.0164239841906
2025-04-11,Laying steel rail,Railway,m,3543.4464098069657
2025-01-26,Anchorage,Railway,m2,1237.209944848545
2025-09-15,Walling,Building,m2,3546.1429239920876
2025-06-09,Ballast,Railway,m3,4160.68381422316
2025-05-13,Coat preparation,Road,L,3170.2805117345024
2025-04-19,Pavement,Road,m2,4019.2022449399765
2025-04-15,Subbase application,Road,m2,3904.6804418287966
2025-09-22,Removing trees,Building,m2,223.98700160190631
2025-03-18,Laying steel rail,Railway,m,4565.605254208448
2025-06-03,Coat preparation,Road,L,3361.9039027273666
2025-08-17,Cement making,Building,m3,4882.93282688678
2025-12-16,Ballast,Railway,m3,1202.0031354732207
2025-03-19,Walling,Building,m2,3713.3793938304916
2025-01-25,Ballast,Railway,m3,3198.493729335016
2025-07-05,Anchorage,Railway,m2,1890.7787335569865
2025-02-28,Coat preparation,Road,L,1562.1882714779117
2025-10-12,Pavement,Road,m2,1214.5324500000077
2025-04-28,Removing trees,Building,m2,2355.0104391851046
2025-12-25,Coat preparation,Road,L,2657.262335390816
2025-10-11,Walling,Building,m2,4198.073985448118
2025-12-12,Coat preparation,Road,L,1554.1083381606868
2025-06-16,Foundation pouring,Building,m3,3984.2427116980784
2025-02-26,Walling,Building,m2,2941.106418331399
2025-04-10,Laying steel rail,Railway,m,96.48474460576206
2025-03-29,Foundation pouring,Building,m3,4820.081563951919
2025-08-28,Rolling/Tractor,Road,m2,4683.613724209507
2025-07-25,Subbase application,Road,m2,1533.336440227735
2025-10-14,Removing trees,Building,m2,3399.4301183782327
2025-04-12,Foundation pouring,Building,m3,2583.28756980071
2025-04-25,Iron mining,Railway,m3,1018.4673156892809
2025-05-29,Laying steel rail,Railway,m,2689.680838949502
2025-05-07,Rolling/Tractor,Road,m2,4584.515537128695
2025-04-12,Walling,Building,m2,1059.0432966899737
2025-12-17,Foundation pouring,Building,m3,1294.2281989595072
2025-11-02,Removing trees,Building,m2,3275.920748894658
2025-07-23,Pavement,Road,m2,469.16552919636365
2025-06-19,Foundation pouring,Building,m3,2800.914953684981
2025-05-13,Terrain leveling,Building,m3,3511.7346050993187
2025-01-15,Walling,Building,m2,273.61800015956896
2025-03-12,Rolling/Tractor,Road,m2,1194.1449623646372
2025-04-25,Cement making,Building,m3,3025.723783790988
2025-05-20,Ballast,Railway,m3,1499.6079285012743
2025-11-18,Rolling/Tractor,Road,m2,1876.6609041738957
2025-06-15,Terrain leveling,Building,m3,1260.8115373717972
2025-08-22,Coat preparation,Road,L,3236.2630300204896
2025-07-20,Terrain leveling,Building,m3,245.84517126057472
2025-09-23,Pavement,Road,m2,2210.824380528021
2025-09-01,Iron mining,Railway,m3,4084.2266445720256
2025-07-24,Pavement,Road,m2,3094.332724354129
2025-12-02,Terrain leveling,Building,m3,3447.8926849562154
2025-02-18,Anchorage,Railway,m2,729.0458676495964
2025-04-15,Pavement,Road,m2,2380.6984058662956
2025-09-07,Removing trees,Building,m2,1501.5808113874841
2025-10-15,Rolling/Tractor,Road,m2,1266.275904301199
2025-02-14,Terrain leveling,Building,m3,2574.3815412250096
2025-09-26,Coat preparation,Road,L,33.52402406558264
2025-01-29,Laying steel rail,Railway,m,4569.273128651358
2025-04-25,Removing trees,Building,m2,4201.433765711839
2025-04-27,Rolling/Tractor,Road,m2,660.6108319234565
2025-07-05,Laying steel rail,Railway,m,4874.645901503388
2025-01-26,Anchorage,Railway,m2,1600.4959794925483
2025-08-13,Cement making,Building,m3,4916.725042540471
2025-12-29,Removing trees,Building,m2,3897.2158402155364
2025-02-09,Rolling/Tractor,Road,m2,1082.63096148148
2025-04-22,Foundation pouring,Building,m3,369.42926345823355
2025-03-06,Pavement,Road,m2,3702.64368755991
2025-02-07,Iron mining,Railway,m3,3880.9730106525685
2025-02-23,Rolling/Tractor,Road,m2,4628.825508035235
2025-04-07,Walling,Building,m2,4862.2105304627985
2025-07-19,Ballast,Railway,m3,118.10279338634433
2025-04-20,Foundation pouring,Building,m3,4490.647292603358
2025-10-09,Walling,Building,m2,403.7376577339191
2025-10-25,Terrain leveling,Building,m3,2242.5432083109336
2025-04-24,Subbase application,Road,m2,3154.213841746991
2025-03-06,Ballast,Railway,m3,154.29223305443162
2025-11-09,Subbase application,Road,m2,324.63977853265936
2025-07-30,Terrain leveling,Building,m3,1122.5835322428195
2025-02-18,Removing trees,Building,m2,44.3118062980058
2025-11-17,Ballast,Railway,m3,4110.4119345246345
2025-01-31,Removing trees,Building,m2,2863.0835485528987
2025-04-02,Pavement,Road,m2,255.77716008432228
2025-04-29,Rolling/Tractor,Road,m2,4591.043542996663
2025-12-09,Ballast,Railway,m3,2754.753280039602
2025-12-07,Pavement,Road,m2,1037.4606815658367
2025-07-02,Walling,Building,m2,523.1944527649985
2025-12-19,Foundation pouring,Building,m3,4597.160530404023
2025-02-18,Rolling/Tractor,Road,m2,1153.7513215566453
2025-02-01,Iron mining,Railway,m3,2990.9423528922935
2025-08-30,Ballast,Railway,m3,3558.551787378179
2025-11-27,Anchorage,Railway,m2,4671.224147706567
2025-12-25,Walling,Building,m2,3013.660808282806
2025-01-19,Walling,Building,m2,1819.071869007685
2025-12-05,Rolling/Tractor,Road,m2,2549.482026306483
2025-03-08,Subbase application,Road,m2,332.7542961324598
2025-12-13,Coat preparation,Road,L,821.1622151869086
2025-04-16,Iron mining,Railway,m3,4323.982610478654
2025-10-14,Subbase application,Road,m2,4663.75825639417
2025-06-22,Coat preparation,Road,L,1963.4220096556926
2025-12-07,Anchorage,Railway,m2,3516.742048506566
2025-01-26,Coat preparation,Road,L,1853.6585453197108
2025-11-20,Anchorage,Railway,m2,179.05058933440466
2025-02-21,Cement making,Building,m3,2741.7061476151557
2025-09-15,Removing trees,Building,m2,4926.400423584173
2025-02-16,Pavement,Road,m2,334.847509432431
2025-11-30,Laying steel rail,Railway,m,743.4333729739056
2025-12-14,Foundation pouring,Building,m3,3258.004581724412
2025-06-30,Foundation pouring,Building,m3,1260.2512162791068
2025-04-30,Walling,Building,m2,1027.1879662542792
2025-07-30,Laying steel rail,Railway,m,3261.239635563546
2025-06-09,Terrain leveling,Building,m3,2035.5132710509226
2025-01-30,Walling,Building,m2,288.33389912627297
2025-09-11,Coat preparation,Road,L,3413.7975254965577
2025-05-29,Subbase application,Road,m2,1684.9957977568042
2025-12-29,Foundation pouring,Building,m3,679.252128111073
2025-08-29,Pavement,Road,m2,3324.468325656085
2025-01-27,Terrain leveling,Building,m3,2000.0253271672746
2025-11-17,Terrain leveling,Building,m3,1499.048558781001
2025-05-06,Subbase application,Road,m2,4841.44138106599
2025-12-28,Subbase application,Road,m2,3888.2364884760086
2025-08-22,Rolling/Tractor,Road,m2,4617.259487539575
2025-01-05,Cement making,Building,m3,904.1334869332385
2025-11-03,Removing trees,Building,m2,2626.000361376032
2025-06-18,Removing trees,Building,m2,3873.187424302107
2025-01-03,Cement making,Building,m3,1122.6278081047753
2025-08-26,Laying steel rail,Railway,m,3654.511476345249
2025-04-21,Foundation pouring,Building,m3,458.2605633235548
2025-01-21,Coat preparation,Road,L,4226.117772936176
2025-03-12,Foundation pouring,Building,m3,3148.1274907662914
2025-07-17,Foundation pouring,Building,m3,1160.4390117000958
2025-08-13,Foundation pouring,Building,m3,2818.0567295672654
2025-09-28,Rolling/Tractor,Road,m2,2537.7865306396357
2025-03-03,Cement making,Building,m3,2784.161200581595
2025-06-08,Pavement,Road,m2,848.6150332367448
2025-03-20,Ballast,Railway,m3,1575.178101917527
2025-02-07,Foundation pouring,Building,m3,4559.6831143368245
2025-09-23,Anchorage,Railway,m2,782.6560313005909
2025-08-03,Foundation pouring,Building,m3,3871.8839892284245
2025-11-04,Anchorage,Railway,m2,2975.734363906836
2025-10-06,Laying steel rail,Railway,m,494.4746269373884
2025-08-01,Laying steel rail,Railway,m,3033.882814537892
2025-06-05,Walling,Building,m2,3076.854563855199
2025-06-26,Cement making,Building,m3,606.309442869441
2025-11-21,Pavement,Road,m2,4959.5150601020105
2025-06-04,Rolling/Tractor,Road,m2,2708.793056000468
2025-04-10,Coat preparation,Road,L,1674.2289429741436
2025-05-14,Foundation pouring,Building,m3,909.8472691091087
2025-09-16,Anchorage,Railway,m2,1793.308324161939
2025-05-10,Anchorage,Railway,m2,4565.133563022661
2025-10-23,Ballast,Railway,m3,4311.519462530986
2025-02-23,Rolling/Tractor,Road,m2,4043.033902597802
2025-12-26,Ballast,Railway,m3,1364.073687269125
2025-10-17,Cement making,Building,m3,2490.7931149054
2025-03-27,Ballast,Railway,m3,221.45978788860876
2025-01-16,Laying steel rail,Railway,m,2049.5111765919464
2025-05-06,Subbase application,Road,m2,3747.57202513562
2025-03-10,Foundation pouring,Building,m3,1401.7847484825786
2025-10-27,Foundation pouring,Building,m3,2811.805188855514
2025-07-22,Coat preparation,Road,L,3476.5763099317487
2025-04-30,Rolling/Tractor,Road,m2,1068.105884268059
2025-04-03,Ballast,Railway,m3,124.95737885354241
2025-06-03,Removing trees,Building,m2,1473.3461780258183
2025-11-09,Iron mining,Railway,m3,3685.0928603408006
2025-05-23,Removing trees,Building,m2,1442.1165487573146
2025-07-12,Rolling/Tractor,Road,m2,2876.9812188591904
2025-02-14,Anchorage,Railway,m2,4512.841976487032
2025-05-23,Pavement,Road,m2,3193.159812180888
2025-02-13,Cement making,Building,m3,328.05999539328167
2025-12-04,Subbase application,Road,m2,3401.3419390146632
2025-04-19,Coat preparation,Road,L,1966.2161531056065
2025-05-09,Coat preparation,Road,L,2453.6522984340254
2025-06-09,Cement making,Building,m3,2669.247396873122
2025-10-05,Removing trees,Building,m2,2744.026380120033
2025-05-16,Coat preparation,Road,L,3614.7369637315564
2025-01-04,Removing trees,Building,m2,494.0735297776788
2025-12-26,Laying steel rail,Railway,m,1018.0985462380348
2025-05-30,Pavement,Road,m2,4036.279325484063
2025-07-13,Rolling/Tractor,Road,m2,813.0384844806055
2025-06-12,Anchorage,Railway,m2,1844.2212623003063
2025-05-14,Cement making,Building,m3,850.7600479921934
2025-02-28,Iron mining,Railway,m3,509.2512177144065
2025-02-09,Rolling/Tractor,Road,m2,742.7218634650445
2025-05-25,Rolling/Tractor,Road,m2,1142.9982410945645
2025-07-20,Foundation pouring,Building,m3,4520.302383032755
2025-03-05,Ballast,Railway,m3,1290.5576046627248
2025-05-19,Subbase application,Road,m2,3428.90860992954
2025-02-25,Ballast,Railway,m3,2750.262157922976
2025-08-25,Subbase application,Road,m2,4754.712230088909
2025-07-27,Laying steel rail,Railway,m,3326.7129253380917
2025-03-22,Cement making,Building,m3,299.50017123459736
2025-03-30,Coat preparation,Road,L,3592.933819205131
2025-10-16,Anchorage,Railway,m2,2282.660769549181
2025-10-13,Removing trees,Building,m2,2038.098081014126
2025-03-17,Pavement,Road,m2,3228.0313086110764
2025-09-09,Laying steel rail,Railway,m,1346.6505893033964
2025-01-09,Walling,Building,m2,65.529848881537
2025-12-22,Iron mining,Railway,m3,3044.565107233233
2025-09-21,Coat preparation,Road,L,4880.888003508665
2025-11-13,Ballast,Railway,m3,1895.0733530779246
2025-12-24,Cement making,Building,m3,3728.4412587999927
2025-03-24,Ballast,Railway,m3,2499.9795764545474
2025-12-06,Foundation pouring,Building,m3,4788.292764598224
2025-01-01,Subbase application,Road,m2,4818.525952685927
2025-05-03,Iron mining,Railway,m3,4116.038721749834
2025-06-21,Foundation pouring,Building,m3,4242.9445936141165
2025-08-11,Cement making,Building,m3,875.842304143708
2025-01-24,Removing trees,Building,m2,3441.965551556747
2025-12-29,Pavement,Road,m2,3450.5315362625483
2025-11-17,Rolling/Tractor,Road,m2,3108.648413069267
2025-05-06,Ballast,Railway,m3,3229.51818781266
2025-09-13,Ballast,Railway,m3,1719.3528985573098
2025-08-22,Pavement,Road,m2,1340.0162977372172
2025-03-19,Rolling/Tractor,Road,m2,353.21784127345825
2025-12-04,Cement making,Building,m3,621.9697287263565
2025-01-19,Walling,Building,m2,3947.311815479266
2025-03-22,Cement making,Building,m3,874.3499203301042
2025-01-15,Ballast,Railway,m3,4217.1621841701735
2025-07-01,Pavement,Road,m2,801.5058153867338
2025-12-15,Anchorage,Railway,m2,4985.538528716517
2025-10-14,Anchorage,Railway,m2,3253.8575627096293
2025-06-24,Coat preparation,Road,L,1198.4308786257347
2025-05-27,Coat preparation,Road,L,2737.6102801346087
2025-02-16,Cement making,Building,m3,3314.7393900232546
2025-06-21,Walling,Building,m2,1822.914369786192
2025-12-12,Anchorage,Railway,m2,1618.3075197213693
2025-09-30,Subbase application,Road,m2,2927.9334250195984
2025-10-28,Laying steel rail,Railway,m,1884.9483516924342
2025-01-28,Foundation pouring,Building,m3,3025.947857253525
2025-11-07,Foundation pouring,Building,m3,1544.8070710937884
2025-04-03,Iron mining,Railway,m3,3501.5897127822905
2025-09-18,Terrain leveling,Building,m3,2297.8953807574685
2025-08-04,Removing trees,Building,m2,2667.6681368687528
2025-10-26,Foundation pouring,Building,m3,2088.4377332270396
2025-01-19,Laying steel rail,Railway,m,2202.2297852300767
2025-01-05,Cement making,Building,m3,1426.6645599538015
2025-10-03,Rolling/Tractor,Road,m2,942.3374396844297
2025-02-12,Walling,Building,m2,1504.1354367494303
2025-01-15,Terrain leveling,Building,m3,3401.73340053291
2025-11-09,Cement making,Building,m3,1104.2060629716023
2025-08-22,Coat preparation,Road,L,3998.6516549493786
2025-04-01,Laying steel rail,Railway,m,420.87342458167257
2025-08-09,Anchorage,Railway,m2,81.5051996688404
2025-03-02,Ballast,Railway,m3,1009.3312540636101
2025-06-19,Terrain leveling,Building,m3,3327.311006036258
2025-06-18,Ballast,Railway,m3,876.8943469078189
2025-08-11,Rolling/Tractor,Road,m2,4223.237287621938
2025-05-28,Laying steel rail,Railway,m,2344.6437718178527
2025-10-27,Anchorage,Railway,m2,1997.617719060082
2025-12-20,Ballast,Railway,m3,663.7096535498243
2025-12-28,Terrain leveling,Building,m3,2274.6352467731444
2025-01-30,Subbase application,Road,m2,335.4294694172466
2025-10-11,Coat preparation,Road,L,3727.445472033807
2025-01-18,Foundation pouring,Building,m3,775.9532298276356
2025-08-01,Laying steel rail,Railway,m,3297.98753723948
2025-05-19,Ballast,Railway,m3,1981.8459891030354
2025-08-20,Iron mining,Railway,m3,1947.6812991793868
2025-12-28,Cement making,Building,m3,526.8739132155176
2025-05-12,Ballast,Railway,m3,70.59049356928581
2025-06-17,Terrain leveling,Building,m3,1868.826593463646
2025-07-25,Ballast,Railway,m3,1417.7513523340929
2025-01-05,Cement making,Building,m3,2120.697074963923
2025-11-14,Anchorage,Railway,m2,2785.924087330432
2025-05-15,Anchorage,Railway,m2,3178.9302926211935
2025-10-26,Iron mining,Railway,m3,4563.098995600477
2025-05-28,Coat preparation,Road,L,4173.277884769108
2025-04-17,Laying steel rail,Railway,m,1103.106992711183
2025-02-18,Cement making,Building,m3,3362.9426192668316
2025-10-26,Anchorage,Railway,m2,3538.4888441176513
2025-06-26,Removing trees,Building,m2,1841.417436259805
2025-03-20,Cement making,Building,m3,3109.5413301389053
2025-11-04,Walling,Building,m2,4201.349225072101
2025-02-13,Cement making,Building,m3,2072.772493778363
2025-06-17,Terrain leveling,Building,m3,4858.907389236225
2025-06-16,Walling,Building,m2,4297.790825847995
2025-10-24,Coat preparation,Road,L,4236.878754629682
2025-02-01,Removing trees,Building,m2,3421.2558502135453
2025-03-28,Terrain leveling,Building,m3,3883.8120124620227
2025-09-10,Foundation pouring,Building,m3,912.6198212024211
2025-09-28,Rolling/Tractor,Road,m2,2774.1274446039943
2025-12-03,Iron mining,Railway,m3,2241.0677869762303
2025-10-14,Foundation pouring,Building,m3,136.69467235660815
2025-03-10,Coat preparation,Road,L,4997.75042207497
2025-11-22,Removing trees,Building,m2,3826.8507953843837
2025-09-25,Laying steel rail,Railway,m,3912.937744987587
2025-11-28,Pavement,Road,m2,3353.439371420047
2025-09-27,Iron mining,Railway,m3,3164.282569598786
2025-10-22,Walling,Building,m2,546.8273374414046
2025-04-26,Removing trees,Building,m2,4759.5453809246965
2025-09-23,Anchorage,Railway,m2,3589.014644249735
2025-06-19,Cement making,Building,m3,2513.849951813364
2025-10-05,Cement making,Building,m3,790.2708821733751
2025-08-21,Anchorage,Railway,m2,756.1165279594345
2025-01-31,Terrain leveling,Building,m3,3389.9698160195067
2025-01-31,Removing trees,Building,m2,279.4699269098444
2025-06-09,Terrain leveling,Building,m3,2568.5842252906314
2025-02-03,Subbase application,Road,m2,693.1952977238126
2025-03-15,Removing trees,Building,m2,3303.652376571803
2025-02-10,Laying steel rail,Railway,m,3595.679126748442
2025-09-01,Walling,Building,m2,4189.82329032778
2025-01-20,Coat preparation,Road,L,2334.529876183261
2025-07-21,Subbase application,Road,m2,611.0781018929351
2025-08-14,Walling,Building,m2,2376.926663957937
2025-01-18,Iron mining,Railway,m3,2925.5564911669535
2025-09-24,Rolling/Tractor,Road,m2,1914.7695972570284
2025-08-13,Laying steel rail,Railway,m,3558.0817279145203
2025-01-29,Laying steel rail,Railway,m,1569.3314768255946
2025-03-12,Ballast,Railway,m3,3034.8752272110423
2025-09-23,Rolling/Tractor,Road,m2,3342.175691447959
2025-08-10,Terrain leveling,Building,m3,1215.820904456612
2025-03-29,Anchorage,Railway,m2,4045.794544974098
2025-04-01,Walling,Building,m2,3943.1344757980373
2025-07-04,Anchorage,Railway,m2,3710.807611704374
2025-09-11,Ballast,Railway,m3,2426.9020648741575
2025-02-26,Anchorage,Railway,m2,2138.0848330587687
2025-09-21,Cement making,Building,m3,2307.568696416693
2025-07-26,Terrain leveling,Building,m3,1184.6556708167343
2025-03-01,Terrain leveling,Building,m3,1087.3422494720119
2025-12-22,Walling,Building,m2,4241.905813646068
2025-04-26,Pavement,Road,m2,2605.2511213147554
2025-01-21,Cement making,Building,m3,4992.9456801014985
2025-04-02,Subbase application,Road,m2,4277.274551416121
2025-06-29,Cement making,Building,m3,3092.07962617702
2025-08-11,Cement making,Building,m3,4750.935707039545
2025-05-02,Subbase application,Road,m2,171.35122413497572
2025-12-29,Removing trees,Building,m2,4484.752598648367
2025-02-19,Iron mining,Railway,m3,4184.868479266458
2025-09-15,Rolling/Tractor,Road,m2,4093.137506578713
2025-03-07,Anchorage,Railway,m2,1798.10743534859
2025-04-06,Laying steel rail,Railway,m,2367.203372088686
2025-09-22,Foundation pouring,Building,m3,1423.0866809537217
2025-10-24,Removing trees,Building,m2,3946.381881580888
2025-04-02,Removing trees,Building,m2,4807.025304279147
2025-07-27,Laying steel rail,Railway,m,2164.0226065635616
2025-02-20,Laying steel rail,Railway,m,2377.0400467749446
2025-08-29,Foundation pouring,Building,m3,3595.8698643892885
2025-10-03,Ballast,Railway,m3,1011.1666913861334
2025-10-23,Pavement,Road,m2,3011.504293033727
2025-09-04,Laying steel rail,Railway,m,2590.459408439086
2025-04-08,Terrain leveling,Building,m3,457.88062894826453
2025-07-05,Pavement,Road,m2,4741.444926638809
2025-01-17,Terrain leveling,Building,m3,1017.7377992134235
2025-05-11,Removing trees,Building,m2,2115.4820317780486
2025-02-20,Pavement,Road,m2,3795.0480584227307
2025-11-29,Rolling/Tractor,Road,m2,2493.6767850202586
2025-09-20,Coat preparation,Road,L,4030.3056655777505
2025-10-21,Removing trees,Building,m2,2934.363603309548
2025-04-09,Walling,Building,m2,4070.2232713865164
2025-12-20,Walling,Building,m2,185.61656524710423
2025-07-14,Laying steel rail,Railway,m,3573.5562708008174
2025-02-20,Subbase application,Road,m2,3117.9885888320036
2025-08-09,Pavement,Road,m2,1675.952072893217
2025-11-22,Rolling/Tractor,Road,m2,4052.2618846346113
2025-12-05,Ballast,Railway,m3,1444.92423909817
2025-01-03,Coat preparation,Road,L,2482.379115255325
2025-08-07,Foundation pouring,Building,m3,1398.6674780652136
2025-08-15,Laying steel rail,Railway,m,2853.2302823860064
2025-09-23,Pavement,Road,m2,1941.214196211381
2025-09-14,Removing trees,Building,m2,134.28431353419367
2025-06-07,Laying steel rail,Railway,m,4567.519137744521
2025-04-18,Cement making,Building,m3,4930.260879268946
2025-01-03,Subbase application,Road,m2,4635.960701683619
2025-05-02,Removing trees,Building,m2,1645.5667133784013
2025-03-14,Walling,Building,m2,4397.328984377206
2025-07-23,Coat preparation,Road,L,3735.9039967706963
2025-05-17,Walling,Building,m2,2047.9218145808597
2025-10-12,Removing trees,Building,m2,2663.483615386088
2025-11-22,Laying steel rail,Railway,m,1563.4855464177049
2025-07-30,Pavement,Road,m2,4756.2211111878005
2025-04-02,Laying steel rail,Railway,m,1428.457948582591
2025-10-11,Cement making,Building,m3,1550.0939282345205
2025-07-25,Anchorage,Railway,m2,1543.6587634089071
2025-08-02,Anchorage,Railway,m2,270.823113840018
2025-04-15,Laying steel rail,Railway,m,251.99531470022796
2025-01-12,Coat preparation,Road,L,1148.9063866970262
2025-01-29,Subbase application,Road,m2,2727.035975267991
2025-01-18,Subbase application,Road,m2,1132.8331242130025
2025-05-15,Subbase application,Road,m2,818.9662146482285
2025-03-24,Removing trees,Building,m2,4000.513749284982
2025-04-15,Laying steel rail,Railway,m,4726.351932488649
2025-08-23,Rolling/Tractor,Road,m2,1709.3694937076848
2025-11-13,Ballast,Railway,m3,674.5658993061443
2025-08-30,Removing trees,Building,m2,1271.343891860801
2025-02-26,Laying steel rail,Railway,m,4731.306038056865
2025-08-27,Rolling/Tractor,Road,m2,299.9007479640392
2025-08-21,Foundation pouring,Building,m3,2309.3586295671057
2025-02-12,Iron mining,Railway,m3,3320.7902976679375
2025-04-12,Terrain leveling,Building,m3,1114.0285868698606
2025-09-14,Pavement,Road,m2,2745.3320373218503
2025-04-28,Anchorage,Railway,m2,2839.212837360341
2025-11-02,Coat preparation,Road,L,4211.866659295063
2025-11-08,Ballast,Railway,m3,2838.079804258379
2025-05-22,Pavement,Road,m2,1554.9418253522645
2025-01-02,Laying steel rail,Railway,m,2062.2408477920935
2025-07-16,Ballast,Railway,m3,3569.1641227091955
2025-09-08,Coat preparation,Road,L,532.0344453302362
2025-11-02,Ballast,Railway,m3,1711.2941702393248
2025-12-21,Anchorage,Railway,m2,459.36107356033096
2025-09-13,Removing trees,Building,m2,2005.2712433548193
2025-01-21,Anchorage,Railway,m2,367.02723229474543
2025-01-25,Walling,Building,m2,2365.0105134588002
2025-08-02,Anchorage,Railway,m2,2342.79931779551
2025-09-26,Removing trees,Building,m2,872.9521734048056
2025-07-14,Pavement,Road,m2,124.7011644675189
2025-07-28,Removing trees,Building,m2,901.7912123671962
2025-06-26,Iron mining,Railway,m3,3463.289794403112
2025-02-25,Ballast,Railway,m3,3355.2568561991015
2025-10-28,Cement making,Building,m3,3057.8247738092073
2025-10-16,Coat preparation,Road,L,2353.337768993711
2025-07-18,Iron mining,Railway,m3,1961.9303896994534
2025-03-28,Cement making,Building,m3,1879.3755030773668
2025-07-10,Removing trees,Building,m2,4330.41253009244
2025-09-30,Rolling/Tractor,Road,m2,2831.831162191709
2025-10-18,Coat preparation,Road,L,1596.594419942291
2025-09-15,Iron mining,Railway,m3,1532.4271350472375
2025-06-05,Removing trees,Building,m2,1977.502945251291
2025-06-01,Removing trees,Building,m2,594.3818797889011
2025-03-24,Subbase application,Road,m2,1685.4953101872495
2025-02-11,Anchorage,Railway,m2,568.5082310692868
2025-08-24,Ballast,Railway,m3,4446.820145042621
2025-07-12,Ballast,Railway,m3,2489.3737837452086
2025-02-19,Anchorage,Railway,m2,4191.94525406356
2025-02-07,Foundation pouring,Building,m3,2226.209944701853
2025-12-23,Pavement,Road,m2,4875.364905193385
2025-09-17,Iron mining,Railway,m3,1900.8832320835884
2025-01-12,Laying steel rail,Railway,m,4824.545054639339
2025-02-05,Laying steel rail,Railway,m,1924.4421980323739
2025-06-16,Ballast,Railway,m3,3313.5504632283546
2025-04-02,Walling,Building,m2,1890.3599974619744
2025-05-16,Anchorage,Railway,m2,1945.988279904093
2025-05-28,Cement making,Building,m3,471.7903690163372
2025-11-15,Ballast,Railway,m3,2137.819572883425
2025-03-16,Foundation pouring,Building,m3,4036.517745505134
2025-07-18,Ballast,Railway,m3,4471.356804394999
2025-07-03,Anchorage,Railway,m2,2210.760205377631
2025-03-01,Iron mining,Railway,m3,1889.749657707579
2025-03-15,Subbase application,Road,m2,4494.887021967305
2025-08-03,Rolling/Tractor,Road,m2,2793.2301784007927
2025-10-24,Coat preparation,Road,L,2023.1484128264815
2025-02-23,Iron mining,Railway,m3,4745.472693153292
2025-09-23,Subbase application,Road,m2,4037.742010664085
2025-09-20,Ballast,Railway,m3,96.12851502771191
2025-04-01,Walling,Building,m2,1846.4132067671917
2025-11-25,Cement making,Building,m3,753.8073902900134
2025-08-23,Laying steel rail,Railway,m,3293.1220502616384
2025-09-12,Ballast,Railway,m3,216.75175274135984
2025-07-02,Terrain leveling,Building,m3,793.2974248407932
2025-05-03,Foundation pouring,Building,m3,2884.8205380276836
2025-04-12,Terrain leveling,Building,m3,3078.423406426208
2025-03-31,Pavement,Road,m2,2469.1732717768605
2025-05-14,Terrain leveling,Building,m3,3128.092591325851
2025-11-24,Cement making,Building,m3,802.6058587090606
2025-08-02,Pavement,Road,m2,2619.548156457619
2025-05-13,Cement making,Building,m3,3585.594556165031
2025-01-07,Anchorage,Railway,m2,232.81487476790875
2025-08-09,Foundation pouring,Building,m3,116.8887933362972
2025-08-26,Terrain leveling,Building,m3,560.8509512422983
2025-05-13,Laying steel rail,Railway,m,2123.457754608109
2025-11-01,Removing trees,Building,m2,1295.1937832708816
2025-04-17,Cement making,Building,m3,3677.6350025969155
2025-02-03,Iron mining,Railway,m3,4.1371909357734715
2025-08-14,Anchorage,Railway,m2,1358.6629314830939
2025-03-30,Subbase application,Road,m2,2767.7620539691484
2025-02-15,Cement making,Building,m3,4255.161581444418
2025-12-16,Coat preparation,Road,L,4366.718042183061
2025-10-05,Subbase application,Road,m2,2822.3292285070556
2025-08-23,Coat preparation,Road,L,3683.463750500811
2025-11-07,Ballast,Railway,m3,3695.320430566014
2025-03-24,Rolling/Tractor,Road,m2,619.041832707668
2025-12-23,Laying steel rail,Railway,m,4244.985998995713
2025-11-21,Ballast,Railway,m3,2668.0828055456095
2025-12-10,Laying steel rail,Railway,m,2355.143131151834
2025-01-23,Rolling/Tractor,Road,m2,451.6727988069658
2025-05-08,Anchorage,Railway,m2,2747.2739286152982
2025-04-28,Iron mining,Railway,m3,2963.426076391553
2025-12-16,Anchorage,Railway,m2,4308.906104472249
2025-11-10,Terrain leveling,Building,m3,3129.401966634144
2025-11-23,Rolling/Tractor,Road,m2,1660.1834775558004
2025-12-17,Terrain leveling,Building,m3,3967.5781884239836
2025-12-13,Removing trees,Building,m2,3467.8974556571075
2025-05-16,Rolling/Tractor,Road,m2,1217.0285438657609
2025-12-12,Pavement,Road,m2,2370.550920537383
2025-06-15,Cement making,Building,m3,1709.678087238603
2025-06-07,Cement making,Building,m3,3379.2352511721447
2025-12-06,Terrain leveling,Building,m3,2006.8587091275097
2025-10-17,Foundation pouring,Building,m3,1068.979018639708
2025-09-25,Coat preparation,Road,L,1306.5494537775573
2025-08-07,Ballast,Railway,m3,4059.9074693029456
2025-10-09,Anchorage,Railway,m2,3342.2295046762065
2025-04-20,Pavement,Road,m2,4227.545236750335
2025-11-21,Coat preparation,Road,L,1797.152385742098
2025-02-21,Coat preparation,Road,L,2781.775151380993
2025-12-01,Cement making,Building,m3,2614.3689030523765
2025-03-02,Pavement,Road,m2,1053.6037833354683
2025-03-02,Subbase application,Road,m2,2818.2024758033895
2025-06-05,Walling,Building,m2,2251.6000588396832
2025-06-07,Ballast,Railway,m3,2011.6637828749733
2025-11-26,Rolling/Tractor,Road,m2,1053.6843321913598
2025-08-12,Laying steel rail,Railway,m,3370.4392573773116
2025-07-18,Iron mining,Railway,m3,4127.227525057715
2025-08-02,Rolling/Tractor,Road,m2,1620.9156033753109
2025-05-12,Walling,Building,m2,197.93621453545074
2025-10-20,Subbase application,Road,m2,429.90933070049755
2025-09-03,Iron mining,Railway,m3,3276.8784281639146
2025-10-15,Terrain leveling,Building,m3,4719.418564626564
2025-07-15,Walling,Building,m2,0.7605051154041531
2025-07-08,Rolling/Tractor,Road,m2,4382.259357068043
2025-07-07,Laying steel rail,Railway,m,3623.0693061066822
2025-04-24,Laying steel rail,Railway,m,1554.7066664728327
2025-02-07,Ballast,Railway,m3,127.21913236933891
2025-07-26,Coat preparation,Road,L,4200.418713006813
2025-06-26,Ballast,Railway,m3,4816.0071519351
2025-02-04,Walling,Building,m2,4085.5707738411843
2025-07-02,Subbase application,Road,m2,1897.5046301497716
2025-07-31,Removing trees,Building,m2,2947.1854154325474
2025-01-24,Iron mining,Railway,m3,353.3674257203051
2025-06-28,Cement making,Building,m3,4553.456107831144
2025-10-29,Rolling/Tractor,Road,m2,2293.200216922988
2025-12-18,Removing trees,Building,m2,3564.1096537939543
2025-06-03,Anchorage,Railway,m2,2104.192560878796
2025-02-22,Anchorage,Railway,m2,367.6080287137173
2025-12-22,Cement making,Building,m3,769.2539613962018
2025-02-21,Terrain leveling,Building,m3,1006.7027818014135
2025-12-02,Foundation pouring,Building,m3,3504.211093301025
2025-11-14,Iron mining,Railway,m3,1620.3419429219734
2025-06-01,Removing trees,Building,m2,4344.537863095849
2025-09-09,Subbase application,Road,m2,4603.383619891744
2025-05-12,Coat preparation,Road,L,3968.203186374166
2025-03-16,Ballast,Railway,m3,600.5712787484857
2025-01-05,Cement making,Building,m3,81.5569310689035
2025-04-07,Foundation pouring,Building,m3,4051.7047493093028
2025-01-29,Ballast,Railway,m3,312.10582758586514
2025-10-23,Terrain leveling,Building,m3,4944.233499607264
2025-11-18,Laying steel rail,Railway,m,3172.3173168025255
2025-08-01,Subbase application,Road,m2,3720.2861431331467
2025-12-29,Laying steel rail,Railway,m,2193.3726263641047
2025-03-13,Laying steel rail,Railway,m,2549.515509949971
2025-12-12,Foundation pouring,Building,m3,3422.5616130737694
2025-06-19,Terrain leveling,Building,m3,2898.5150497102586
2025-08-10,Iron mining,Railway,m3,2762.672242624439
2025-10-05,Coat preparation,Road,L,2092.7829226854838
2025-02-11,Iron mining,Railway,m3,2970.520306716942
2025-06-09,Pavement,Road,m2,4328.4539901141425
2025-06-22,Terrain leveling,Building,m3,2873.3307895314347
2025-08-16,Iron mining,Railway,m3,2907.8803796319235
2025-06-18,Walling,Building,m2,3589.0276105205066
2025-03-15,Foundation pouring,Building,m3,4764.532755413355
2025-07-20,Ballast,Railway,m3,2316.994102003896
2025-07-26,Coat preparation,Road,L,2136.973896185188
2025-09-19,Ballast,Railway,m3,2901.2918514188946
2025-02-24,Anchorage,Railway,m2,4436.480846851443
2025-11-25,Laying steel rail,Railway,m,4644.804501422096
2025-11-25,Subbase application,Road,m2,425.36608819082835
2025-05-24,Pavement,Road,m2,290.8088188838698
2025-11-30,Rolling/Tractor,Road,m2,2139.5920881470893
2025-08-07,Iron mining,Railway,m3,3192.9588322362097
2025-04-16,Subbase application,Road,m2,15.722564788922533
2025-07-21,Terrain leveling,Building,m3,204.84883449887914
2025-02-26,Removing trees,Building,m2,4243.794511347442
2025-10-20,Cement making,Building,m3,4959.833839240713
2025-12-26,Laying steel rail,Railway,m,898.9060885258565
2025-02-05,Cement making,Building,m3,2938.6478296341247
2025-08-16,Terrain leveling,Building,m3,4199.130918886083
2025-10-21,Ballast,Railway,m3,978.9347479309746
2025-09-07,Ballast,Railway,m3,1699.1215565776447
2025-07-17,Pavement,Road,m2,843.8722765945139
2025-03-07,Removing trees,Building,m2,4120.1407663665605
2025-09-02,Removing trees,Building,m2,1797.7458868046347
2025-06-28,Foundation pouring,Building,m3,2210.3332443028694
2025-12-28,Terrain leveling,Building,m3,1230.1284947303393
2025-03-13,Rolling/Tractor,Road,m2,1755.2631034045978
2025-09-07,Iron mining,Railway,m3,4607.127769887182
2025-07-28,Coat preparation,Road,L,3958.92503145807
2025-10-10,Foundation pouring,Building,m3,1022.2294987892922
2025-09-23,Pavement,Road,m2,4589.7669626853
2025-04-06,Coat preparation,Road,L,4469.231196047622
2025-09-05,Rolling/Tractor,Road,m2,3844.33003191621
2025-07-10,Iron mining,Railway,m3,2498.6276030611502
2025-11-29,Iron mining,Railway,m3,2991.846165663354
2025-05-02,Cement making,Building,m3,963.9632670845499
2025-08-22,Foundation pouring,Building,m3,3804.8645771289453
2025-02-09,Pavement,Road,m2,4167.8679200824645
2025-11-13,Coat preparation,Road,L,1191.3981381872752
2025-04-10,Laying steel rail,Railway,m,3414.8659504108964
2025-01-29,Foundation pouring,Building,m3,1570.2598071278012
2025-09-16,Anchorage,Railway,m2,1040.111779444678
2025-12-20,Anchorage,Railway,m2,3479.6406282341513
2025-06-19,Ballast,Railway,m3,2664.834127327244
2025-07-12,Subbase application,Road,m2,3895.3919770506022
2025-08-17,Anchorage,Railway,m2,4219.725006980145
2025-03-08,Foundation pouring,Building,m3,3335.101571539046
2025-07-02,Iron mining,Railway,m3,150.4228440856481
2025-07-01,Ballast,Railway,m3,4221.46954497276
2025-01-07,Ballast,Railway,m3,882.6216376064067
2025-11-28,Removing trees,Building,m2,217.65201768104092
2025-06-28,Subbase application,Road,m2,770.5616933489451
2025-02-24,Removing trees,Building,m2,1481.4425838286033
2025-10-20,Coat preparation,Road,L,2308.4981668261184
2025-12-28,Laying steel rail,Railway,m,2527.1312919664556
2025-09-18,Ballast,Railway,m3,4761.316838941453
2025-10-07,Ballast,Railway,m3,755.6608876465287
2025-03-23,Terrain leveling,Building,m3,4713.288589941564
2025-03-23,Walling,Building,m2,696.7520303670588
2025-01-13,Anchorage,Railway,m2,472.91025935017103
2025-08-23,Terrain leveling,Building,m3,4691.8108148745705
2025-03-02,Terrain leveling,Building,m3,171.11832061146305
2025-03-29,Removing trees,Building,m2,1583.8482576027452
2025-09-20,Cement making,Building,m3,4598.526019136992
2025-07-04,Removing trees,Building,m2,2029.9209147911267
2025-06-24,Foundation pouring,Building,m3,2927.7259356988757
2025-08-15,Terrain leveling,Building,m3,4231.670519904619
2025-07-07,Terrain leveling,Building,m3,4026.502621593569
2025-05-31,Rolling/Tractor,Road,m2,1218.7352662982164
2025-10-05,Anchorage,Railway,m2,4888.771133145994
2025-07-21,Rolling/Tractor,Road,m2,2705.8077611810627
2025-06-06,Removing trees,Building,m2,4078.3353071223282
2025-08-22,Rolling/Tractor,Road,m2,2974.007794514873
2025-10-15,Subbase application,Road,m2,3016.640412703184
2025-09-03,Terrain leveling,Building,m3,4057.452891820541
2025-09-18,Removing trees,Building,m2,1454.4757761532655
2025-02-03,Subbase application,Road,m2,712.2833600188411
2025-11-07,Coat preparation,Road,L,788.3083324790363
2025-06-13,Laying steel rail,Railway,m,3533.110259830391
2025-12-04,Cement making,Building,m3,1738.243074764651
2025-07-31,Laying steel rail,Railway,m,2095.4841824264113
2025-07-26,Coat preparation,Road,L,754.5058715067298
2025-10-19,Coat preparation,Road,L,4936.476392046033
2025-05-27,Coat preparation,Road,L,805.2254122839786
2025-06-20,Iron mining,Railway,m3,3442.1321632335357
2025-07-02,Removing trees,Building,m2,596.8952943737987
2025-09-10,Subbase application,Road,m2,1553.1073740120128
2025-10-18,Anchorage,Railway,m2,1951.3768114318864
2025-03-19,Removing trees,Building,m2,1500.293042729644
2025-01-05,Rolling/Tractor,Road,m2,905.1440277407679
2025-11-18,Iron mining,Railway,m3,2272.1202100787414
2025-06-15,Cement making,Building,m3,987.578853299525
2025-08-26,Iron mining,Railway,m3,4035.3371206226047
2025-01-15,Pavement,Road,m2,4189.736094377074
2025-04-05,Anchorage,Railway,m2,3481.5580975155453
2025-03-13,Removing trees,Building,m2,4951.761049262842
2025-02-21,Ballast,Railway,m3,1862.3686469017002
2025-06-19,Rolling/Tractor,Road,m2,1409.0557024437644
2025-11-27,Pavement,Road,m2,4975.180909023347
2025-02-13,Coat preparation,Road,L,1461.7428209993454
2025-01-24,Subbase application,Road,m2,348.68403457785746
2025-08-10,Foundation pouring,Building,m3,4520.721420977558
2025-05-16,Iron mining,Railway,m3,2488.327820368435
2025-06-23,Subbase application,Road,m2,72.78016843252244
2025-10-30,Coat preparation,Road,L,3025.877088724415
2025-12-29,Coat preparation,Road,L,1267.3462022862436
2025-06-17,Subbase application,Road,m2,579.1286621513319
2025-04-01,Iron mining,Railway,m3,4313.368916535241
2025-12-14,Foundation pouring,Building,m3,3784.21659262781
2025-03-18,Iron mining,Railway,m3,1575.842601304196
2025-08-22,Walling,Building,m2,2388.7255418540735
2025-05-12,Laying steel rail,Railway,m,3351.181853091562
2025-08-02,Coat preparation,Road,L,2173.6800025140205
2025-11-01,Removing trees,Building,m2,3587.0888827678777
2025-12-12,Foundation pouring,Building,m3,2350.2983041309135
2025-09-08,Rolling/Tractor,Road,m2,488.07958022535126
2025-08-18,Iron mining,Railway,m3,3606.5348145983507
2025-12-16,Walling,Building,m2,1439.2156054888012
2025-04-05,Pavement,Road,m2,4171.570795158239
2025-11-22,Laying steel rail,Railway,m,1898.963187489075
2025-07-06,Laying steel rail,Railway,m,2745.615562549207
2025-06-18,Iron mining,Railway,m3,1502.9701365249614
2025-11-24,Walling,Building,m2,4389.106616001358
2025-03-18,Iron mining,Railway,m3,3213.8005897043245
2025-07-12,Foundation pouring,Building,m3,4070.456234395186
2025-07-17,Pavement,Road,m2,3811.558094879861
2025-09-07,Walling,Building,m2,1485.0864431499745
2025-09-23,Terrain leveling,Building,m3,3695.483933612072
2025-11-27,Anchorage,Railway,m2,3540.1889976790326
2025-06-04,Walling,Building,m2,940.0601105941759
2025-09-09,Cement making,Building,m3,1968.392944033589
2025-08-01,Rolling/Tractor,Road,m2,2888.241480559297
2025-10-21,Iron mining,Railway,m3,4417.635524222733
2025-12-21,Cement making,Building,m3,2570.964460565965
2025-06-05,Walling,Building,m2,2951.70927659856
2025-06-30,Subbase application,Road,m2,2702.1506562313725
2025-09-19,Removing trees,Building,m2,3683.2687480205145
2025-03-23,Pavement,Road,m2,432.5527300469223
2025-07-22,Subbase application,Road,m2,604.9739382519758
2025-09-20,Pavement,Road,m2,3958.8687194948375
2025-03-05,Subbase application,Road,m2,3050.734860413515
2025-03-30,Ballast,Railway,m3,215.8218056370298
2025-09-18,Subbase application,Road,m2,432.9128979520436
2025-03-25,Removing trees,Building,m2,452.0153053645859
2025-01-03,Coat preparation,Road,L,397.38031146285323
2025-10-24,Coat preparation,Road,L,4463.318400517545
2025-10-04,Foundation pouring,Building,m3,3610.507834378573
2025-01-04,Removing trees,Building,m2,572.7161061674163
2025-01-09,Rolling/Tractor,Road,m2,3443.7392858195244
2025-05-25,Cement making,Building,m3,3279.710588295995
2025-04-08,Anchorage,Railway,m2,3615.136796382842
2025-03-12,Walling,Building,m2,1516.632331828031
2025-07-27,Removing trees,Building,m2,2755.191485449437
2025-08-02,Pavement,Road,m2,3039.113600339081
2025-03-26,Ballast,Railway,m3,4117.761486413385
2025-03-10,Pavement,Road,m2,4023.3745142706402
2025-02-28,Removing trees,Building,m2,597.0112678376421
2025-02-24,Removing trees,Building,m2,2058.1340340891325
2025-05-27,Subbase application,Road,m2,2537.9146443626723
2025-07-13,Laying steel rail,Railway,m,1502.5176106120364
2025-03-07,Walling,Building,m2,850.7841437455205
2025-11-07,Walling,Building,m2,1466.2912190975935
2025-02-10,Walling,Building,m2,3828.374195254532
2025-07-01,Anchorage,Railway,m2,1272.505485264716
2025-09-01,Laying steel rail,Railway,m,3095.6771796515654
2025-02-11,Anchorage,Railway,m2,4236.919997114752
2025-03-06,Iron mining,Railway,m3,935.2968018065038
2025-07-24,Pavement,Road,m2,2479.5530614869695
2025-01-08,Foundation pouring,Building,m3,1072.3045772820944
2025-03-12,Ballast,Railway,m3,541.8546984787309
2025-11-30,Pavement,Road,m2,1978.211279801559
2025-11-13,Cement making,Building,m3,73.22350479330109
2025-09-18,Subbase application,Road,m2,2079.940611567493
2025-02-24,Pavement,Road,m2,3262.1385961674755
2025-05-18,Iron mining,Railway,m3,4511.65949925425
2025-09-07,Foundation pouring,Building,m3,1993.6814709202472
2025-05-04,Laying steel rail,Railway,m,4409.587576036746
2025-03-30,Foundation pouring,Building,m3,3624.700241999508
2025-05-23,Cement making,Building,m3,4266.402590785753
2025-05-22,Anchorage,Railway,m2,2472.688606707675
2025-04-27,Walling,Building,m2,4685.915426290526
2025-07-13,Laying steel rail,Railway,m,3541.3803115062483
2025-06-21,Removing trees,Building,m2,4522.994829313111
2025-03-27,Subbase application,Road,m2,3066.233579319424
2025-06-07,Ballast,Railway,m3,980.3473613762004
2025-09-17,Ballast,Railway,m3,3301.8914533505467
2025-02-21,Laying steel rail,Railway,m,2744.1580569539533
2025-05-08,Cement making,Building,m3,4721.254395511705
2025-05-17,Pavement,Road,m2,765.5727572138837
2025-11-09,Foundation pouring,Building,m3,816.2368623748812
2025-11-12,Walling,Building,m2,3284.775694209948
2025-09-03,Coat preparation,Road,L,3832.2333905448236
2025-05-16,Coat preparation,Road,L,208.52842240589032
2025-10-07,Iron mining,Railway,m3,1614.8080994914753
2025-09-01,Cement making,Building,m3,3909.455054067779
2025-08-11,Subbase application,Road,m2,2865.5159261152785
2025-07-09,Anchorage,Railway,m2,2944.3947518091823
2025-12-12,Subbase application,Road,m2,2295.830333274247
2025-02-07,Ballast,Railway,m3,4477.489950435271
2025-01-14,Terrain leveling,Building,m3,1720.0230599016559
2025-02-28,Foundation pouring,Building,m3,2338.4120107073436
2025-01-03,Terrain leveling,Building,m3,4060.015630651801
2025-06-13,Pavement,Road,m2,3503.6917352544274
2025-01-21,Walling,Building,m2,4552.598694660646
2025-07-30,Walling,Building,m2,1325.3312335937273
2025-02-07,Cement making,Building,m3,2391.2329063678335
2025-10-22,Pavement,Road,m2,2370.9348063372936
2025-06-23,Pavement,Road,m2,3324.5535038196067
2025-03-27,Pavement,Road,m2,3218.0695216164895
2025-09-18,Laying steel rail,Railway,m,3829.696520080602
2025-01-17,Ballast,Railway,m3,2756.39846821485
2025-05-11,Rolling/Tractor,Road,m2,3823.035600748064
2025-08-27,Foundation pouring,Building,m3,397.6493653011587
2025-07-02,Laying steel rail,Railway,m,1140.6213641681695
2025-07-27,Pavement,Road,m2,338.36947619085953
2025-04-30,Foundation pouring,Building,m3,2376.6823482001532
2025-06-27,Terrain leveling,Building,m3,535.7584791707842
2025-02-26,Pavement,Road,m2,4006.4888263515645
2025-07-12,Cement making,Building,m3,2074.1024491480366
2025-05-30,Anchorage,Railway,m2,1919.5727995490386
2025-03-02,Removing trees,Building,m2,1959.2739395946162
2025-08-28,Cement making,Building,m3,3665.010470772272
2025-12-27,Coat preparation,Road,L,281.61599175965335
2025-01-30,Subbase application,Road,m2,4460.824799846048
2025-03-16,Coat preparation,Road,L,942.8543272820972
2025-12-07,Removing trees,Building,m2,1677.575387999588
2025-08-21,Iron mining,Railway,m3,4419.439389783662
2025-01-26,Coat preparation,Road,L,3389.25014929357
2025-05-13,Terrain leveling,Building,m3,4111.208715224878
2025-02-09,Terrain leveling,Building,m3,244.40876249427257
2025-08-22,Iron mining,Railway,m3,838.203604426232
2025-02-01,Ballast,Railway,m3,3383.2992442177533
2025-08-04,Subbase application,Road,m2,3746.9109502955416
2025-12-01,Ballast,Railway,m3,4182.867153397438
2025-06-12,Subbase application,Road,m2,1876.6049259431188
2025-01-27,Ballast,Railway,m3,3006.09974307002
2025-02-13,Terrain leveling,Building,m3,2632.634972109439
2025-10-24,Walling,Building,m2,2854.2402228640235
2025-09-04,Foundation pouring,Building,m3,3491.65178255599
2025-12-28,Walling,Building,m2,343.71348920737233
2025-11-07,Laying steel rail,Railway,m,3108.4447273660267
2025-01-21,Iron mining,Railway,m3,3962.1238693841565
2025-06-21,Coat preparation,Road,L,149.2401283089362
2025-04-20,Foundation pouring,Building,m3,291.8045423865745
2025-01-13,Walling,Building,m2,2295.27960313303
2025-12-22,Iron mining,Railway,m3,251.875782621776
2025-04-13,Pavement,Road,m2,1955.9817609928432
2025-03-11,Coat preparation,Road,L,3311.733793451008
2025-11-22,Walling,Building,m2,1925.035528100441
2025-02-14,Subbase application,Road,m2,4715.857829474974
2025-07-09,Pavement,Road,m2,1986.8455147090508
2025-10-04,Rolling/Tractor,Road,m2,4661.663916941323
2025-02-28,Iron mining,Railway,m3,1925.6473887765123
2025-03-13,Iron mining,Railway,m3,4953.118901988694
2025-04-02,Subbase application,Road,m2,1455.55511187274
2025-09-16,Coat preparation,Road,L,261.5807734778414
2025-03-12,Ballast,Railway,m3,1836.3384480688726
2025-05-15,Laying steel rail,Railway,m,2844.861707243177
2025-09-11,Anchorage,Railway,m2,1785.8157466746538
2025-11-25,Subbase application,Road,m2,473.2060591402465
2025-11-10,Foundation pouring,Building,m3,3273.7098841333677
2025-02-26,Subbase application,Road,m2,1688.4878719916858
2025-05-13,Iron mining,Railway,m3,771.3297034347061
2025-06-14,Removing trees,Building,m2,1166.596451632324
2025-05-15,Terrain leveling,Building,m3,33.59928185084016
2025-05-26,Coat preparation,Road,L,4383.206585485591
2025-04-26,Foundation pouring,Building,m3,4861.190266394839
2025-03-16,Subbase application,Road,m2,2504.7955306733443
2025-08-26,Foundation pouring,Building,m3,4996.647315307162
2025-05-15,Laying steel rail,Railway,m,3179.1397999274795
2025-05-10,Anchorage,Railway,m2,1174.627529954914
2025-08-22,Coat preparation,Road,L,4906.225682251016
2025-07-05,Subbase application,Road,m2,4807.269134094766
2025-11-18,Ballast,Railway,m3,3889.5524361079333
2025-09-27,Anchorage,Railway,m2,1135.2126901261383
2025-02-02,Rolling/Tractor,Road,m2,3641.5748293540264
2025-12-23,Laying steel rail,Railway,m,4316.233269793074
2025-07-25,Foundation pouring,Building,m3,322.2790275031362
2025-08-16,Coat preparation,Road,L,2619.5092125789406
2025-11-06,Laying steel rail,Railway,m,3487.7559572601385
2025-04-17,Foundation pouring,Building,m3,3016.310234934097
2025-11-25,Cement making,Building,m3,3011.616081007516
2025-04-16,Coat preparation,Road,L,4238.793357363395
2025-08-28,Subbase application,Road,m2,2796.0875257268276
2025-04-30,Iron mining,Railway,m3,158.46010520590926
2025-10-01,Walling,Building,m2,125.89423893276108
2025-01-15,Iron mining,Railway,m3,3814.848126808683
2025-01-19,Pavement,Road,m2,2235.1593129631174
2025-05-31,Rolling/Tractor,Road,m2,3912.7872799041115
2025-01-11,Foundation pouring,Building,m3,2688.6381065785904
2025-10-21,Walling,Building,m2,3271.968336117806
2025-10-16,Terrain leveling,Building,m3,2340.9254711801636
2025-02-19,Rolling/Tractor,Road,m2,2833.9954942570307
2025-02-17,Iron mining,Railway,m3,982.668311379214
2025-05-20,Walling,Building,m2,4047.197354544263
2025-06-29,Ballast,Railway,m3,847.3795568732173
2025-12-08,Removing trees,Building,m2,5.338856647321699
2025-05-27,Anchorage,Railway,m2,4206.696034544888
2025-07-11,Coat preparation,Road,L,719.448203274381
2025-07-17,Cement making,Building,m3,580.7424489156754
2025-04-24,Coat preparation,Road,L,1568.0663539619877
2025-04-16,Subbase application,Road,m2,1122.9038611689818
2025-05-29,Removing trees,Building,m2,875.5446888644747
2025-06-01,Foundation pouring,Building,m3,1478.4100637295671
2025-07-17,Walling,Building,m2,1895.1216021708756
2025-07-03,Foundation pouring,Building,m3,571.703992398852
2025-04-06,Foundation pouring,Building,m3,1267.3520982959485
2025-12-11,Coat preparation,Road,L,1040.9809045831064
2025-06-15,Coat preparation,Road,L,2438.361731821282
2025-06-01,Anchorage,Railway,m2,2336.308798939329
2025-06-26,Laying steel rail,Railway,m,4069.0478836177285
2025-10-22,Cement making,Building,m3,1241.5036831710447
2025-09-19,Pavement,Road,m2,267.82101964451465
2025-04-11,Pavement,Road,m2,914.9445842772997
2025-02-23,Foundation pouring,Building,m3,2517.2183203362815
2025-08-30,Pavement,Road,m2,1600.6521535284053
2025-12-22,Walling,Building,m2,529.5503381624944
2025-06-06,Laying steel rail,Railway,m,2302.4854059394297
2025-04-14,Ballast,Railway,m3,2408.8454132599413
2025-10-23,Rolling/Tractor,Road,m2,2789.860566999863
2025-07-01,Cement making,Building,m3,4475.32320037732
2025-10-27,Pavement,Road,m2,1895.976372049743
2025-05-23,Walling,Building,m2,4843.387600328807
2025-01-17,Removing trees,Building,m2,2746.516813222709
2025-10-08,Cement making,Building,m3,1363.0050796971748
2025-04-16,Subbase application,Road,m2,119.96683486267423
2025-01-18,Iron mining,Railway,m3,1225.0342272061775
2025-06-13,Anchorage,Railway,m2,2876.1364643377065
2025-03-28,Pavement,Road,m2,3390.6414172147083
2025-12-06,Terrain leveling,Building,m3,1317.76054403365
2025-10-21,Rolling/Tractor,Road,m2,3889.8507278954426
2025-07-16,Foundation pouring,Building,m3,476.0073106831103
2025-02-16,Coat preparation,Road,L,2910.329054134932
2025-11-12,Subbase application,Road,m2,873.645106225397
2025-05-07,Removing trees,Building,m2,4789.911887547957
2025-09-25,Cement making,Building,m3,43.11546721401827
2025-06-11,Removing trees,Building,m2,469.6897115784421
2025-12-26,Cement making,Building,m3,418.85014385996897
2025-01-20,Anchorage,Railway,m2,452.6561058484446
2025-07-31,Pavement,Road,m2,626.2367920141726
2025-01-05,Laying steel rail,Railway,m,749.2765157481035
2025-02-21,Iron mining,Railway,m3,1330.4331253117946
2025-05-27,Pavement,Road,m2,3938.5725999991723
2025-06-04,Pavement,Road,m2,3847.891431269915
2025-10-25,Pavement,Road,m2,1203.4994147949662
2025-02-26,Iron mining,Railway,m3,2557.486964272225
2025-11-09,Rolling/Tractor,Road,m2,3743.969694440787
2025-04-26,Terrain leveling,Building,m3,2656.438705319791
2025-12-15,Pavement,Road,m2,170.66286194751868
2025-08-07,Ballast,Railway,m3,103.00616905770666
2025-04-25,Terrain leveling,Building,m3,537.9540426348034
2025-11-25,Coat preparation,Road,L,4271.90067575992
2025-11-22,Ballast,Railway,m3,2394.4708376935496
2025-11-02,Laying steel rail,Railway,m,2252.4479510134775
2025-09-10,Pavement,Road,m2,283.88146527474845
2025-11-03,Iron mining,Railway,m3,2161.1796332279255
2025-02-21,Rolling/Tractor,Road,m2,294.8562939459654
2025-02-15,Ballast,Railway,m3,1871.4649581110975
2025-11-05,Rolling/Tractor,Road,m2,1675.4274452646966
2025-12-17,Removing trees,Building,m2,1219.151789409827
2025-12-19,Coat preparation,Road,L,3940.2546907621363
2025-10-25,Removing trees,Building,m2,4795.486407848967
2025-08-12,Foundation pouring,Building,m3,1916.0524288990366
2025-10-20,Laying steel rail,Railway,m,2641.690503094564
2025-05-21,Rolling/Tractor,Road,m2,1506.4471014679193
2025-09-24,Coat preparation,Road,L,1502.7657261889922
2025-08-05,Walling,Building,m2,2688.024955533072
2025-07-17,Subbase application,Road,m2,254.99361894385785
2025-03-27,Terrain leveling,Building,m3,58.856027635919574
2025-07-20,Coat preparation,Road,L,2900.2111517303565
2025-04-04,Pavement,Road,m2,2693.295648198983
2025-07-13,Rolling/Tractor,Road,m2,3312.6581178301008
2025-03-17,Laying steel rail,Railway,m,3765.6857717189405
2025-12-05,Walling,Building,m2,157.75929021000556
2025-08-14,Laying steel rail,Railway,m,4403.397750414408
2025-07-31,Removing trees,Building,m2,1987.7671550807097
2025-04-10,Terrain leveling,Building,m3,3138.5557584942962
2025-07-18,Pavement,Road,m2,3102.247083757131
2025-03-31,Cement making,Building,m3,629.1852643572338
2025-01-27,Terrain leveling,Building,m3,971.8234392660873
2025-02-20,Cement making,Building,m3,4605.285239273938
2025-08-07,Foundation pouring,Building,m3,1725.6842725519
2025-12-18,Terrain leveling,Building,m3,1213.598817437649
2025-08-19,Rolling/Tractor,Road,m2,3745.684963261977
2025-05-13,Terrain leveling,Building,m3,4646.242265370883
2025-10-22,Subbase application,Road,m2,875.5215542868722
2025-06-12,Terrain leveling,Building,m3,1561.7863886959155
2025-09-29,Rolling/Tractor,Road,m2,209.7274866713561
2025-11-26,Laying steel rail,Railway,m,1871.181271065428
2025-08-14,Cement making,Building,m3,4175.957559247495
2025-08-13,Coat preparation,Road,L,2852.784423102947
2025-11-17,Walling,Building,m2,3451.2802603809455
2025-03-20,Removing trees,Building,m2,3777.7481286993443
2025-10-05,Rolling/Tractor,Road,m2,4679.52002510287
2025-10-29,Iron mining,Railway,m3,3625.6016380641554
2025-03-05,Removing trees,Building,m2,2486.9503510128975
2025-03-21,Cement making,Building,m3,2515.842987622633
2025-09-01,Pavement,Road,m2,1667.1056926051397
2025-09-28,Ballast,Railway,m3,3999.928006558353
2025-08-21,Walling,Building,m2,1845.7717807197378
2025-02-05,Removing trees,Building,m2,783.7840128119989
2025-02-17,Cement making,Building,m3,402.3543266565965
2025-11-27,Anchorage,Railway,m2,2077.8253416896814
2025-10-22,Cement making,Building,m3,856.1868325266042
2025-04-05,Subbase application,Road,m2,2.7292656289751305
2025-12-10,Rolling/Tractor,Road,m2,4502.681511412884
2025-05-26,Ballast,Railway,m3,2077.6390631374493
2025-07-30,Walling,Building,m2,465.6858245576639
2025-06-29,Removing trees,Building,m2,3155.065204001664
2025-09-03,Ballast,Railway,m3,3914.4880936277013
2025-12-29,Coat preparation,Road,L,475.00153243450194
2025-06-21,Rolling/Tractor,Road,m2,3356.502153283602
2025-02-17,Coat preparation,Road,L,4130.483656248169
2025-09-09,Foundation pouring,Building,m3,274.0091039131959
2025-12-14,Removing trees,Building,m2,4868.183102758247
2025-03-11,Rolling/Tractor,Road,m2,4024.0813718884274
2025-09-21,Rolling/Tractor,Road,m2,4100.223556668878
2025-11-04,Subbase application,Road,m2,697.9624905545339
2025-09-30,Foundation pouring,Building,m3,446.17797971920226
2025-06-08,Foundation pouring,Building,m3,4357.111140558564
2025-10-24,Pavement,Road,m2,3335.4620369174404
2025-10-06,Ballast,Railway,m3,779.6007534080163
2025-12-04,Pavement,Road,m2,817.7939439327175
2025-03-31,Laying steel rail,Railway,m,2098.720213502582
2025-03-19,Cement making,Building,m3,4000.0989628075486
2025-08-20,Coat preparation,Road,L,2765.965804949468
2025-09-21,Pavement,Road,m2,3558.651073204248
2025-01-08,Terrain leveling,Building,m3,4378.025711043149
2025-06-16,Iron mining,Railway,m3,781.1855192993728
2025-09-12,Terrain leveling,Building,m3,561.0912141080864
2025-01-11,Laying steel rail,Railway,m,1150.373720582132
2025-04-08,Anchorage,Railway,m2,1279.5269015387146
2025-04-04,Anchorage,Railway,m2,1772.0036591447042
2025-04-04,Ballast,Railway,m3,4337.59221757331
2025-12-16,Cement making,Building,m3,22.394447792177253
2025-10-04,Removing trees,Building,m2,164.91386544643328
2025-12-14,Terrain leveling,Building,m3,1793.3152525295975
2025-12-11,Iron mining,Railway,m3,4145.5302776244025
2025-07-21,Pavement,Road,m2,4161.673613294014
2025-04-13,Foundation pouring,Building,m3,177.6823716577919
2025-07-25,Cement making,Building,m3,4327.5534499345085
2025-06-09,Foundation pouring,Building,m3,3982.630533315352
2025-10-04,Pavement,Road,m2,229.26515321069596
2025-08-06,Rolling/Tractor,Road,m2,3045.512825604209
2025-04-02,Foundation pouring,Building,m3,1448.7389994957168
2025-03-30,Subbase application,Road,m2,333.8804950847807
2025-06-21,Pavement,Road,m2,3315.0496763875067
2025-05-04,Iron mining,Railway,m3,948.6939900344804
2025-11-16,Cement making,Building,m3,3557.660314562185
2025-06-05,Foundation pouring,Building,m3,2201.2301567571967
2025-03-21,Cement making,Building,m3,1373.0820096270058
2025-09-12,Anchorage,Railway,m2,4844.9423176067485
2025-09-27,Terrain leveling,Building,m3,2377.3666840782266
2025-04-28,Pavement,Road,m2,3125.560978020461
2025-10-12,Walling,Building,m2,2009.886884181659
2025-08-07,Ballast,Railway,m3,2231.7866596308522
2025-06-07,Cement making,Building,m3,1528.2781310251437
2025-01-05,Pavement,Road,m2,4653.28513311983
2025-03-01,Removing trees,Building,m2,2646.669095736597
2025-10-17,Iron mining,Railway,m3,1887.2599252617306
2025-09-20,Laying steel rail,Railway,m,4085.226388963646
2025-05-31,Anchorage,Railway,m2,118.88291365994841
2025-01-25,Pavement,Road,m2,4143.785060028283
2025-12-17,Subbase application,Road,m2,4657.95867026885
2025-02-04,Terrain leveling,Building,m3,820.497735333392
2025-02-27,Anchorage,Railway,m2,2502.3812662449727
2025-07-18,Pavement,Road,m2,3761.9581539600717
2025-03-07,Subbase application,Road,m2,3860.6026920097
2025-10-27,Anchorage,Railway,m2,1357.4558785451663
2025-03-10,Removing trees,Building,m2,477.2200647079089
2025-04-05,Ballast,Railway,m3,839.6012643671014
2025-07-15,Laying steel rail,Railway,m,1329.0456231153207
2025-06-07,Anchorage,Railway,m2,3198.5831596552234
2025-01-15,Terrain leveling,Building,m3,2589.151045865011
2025-06-22,Subbase application,Road,m2,2789.2437160080067
2025-09-26,Pavement,Road,m2,573.2596150706737
2025-10-04,Terrain leveling,Building,m3,549.7824303726129
2025-03-09,Coat preparation,Road,L,800.7575423134133
2025-01-21,Coat preparation,Road,L,4958.441821077093
2025-05-26,Pavement,Road,m2,1920.1364493721196
2025-01-18,Terrain leveling,Building,m3,1039.5438908928656
2025-08-11,Foundation pouring,Building,m3,1398.8777822809507
2025-05-19,Foundation pouring,Building,m3,561.6855157583727
2025-09-08,Anchorage,Railway,m2,878.0173845469985
2025-12-12,Ballast,Railway,m3,3827.085490873499
2025-10-27,Terrain leveling,Building,m3,3493.6632026395578
2025-07-15,Pavement,Road,m2,1269.6973290359676
2025-07-01,Subbase application,Road,m2,307.6854125786427
2025-11-25,Rolling/Tractor,Road,m2,2207.8360728482576
2025-12-17,Rolling/Tractor,Road,m2,3038.1942394962252
2025-01-17,Pavement,Road,m2,141.15016731427565
2025-11-09,Iron mining,Railway,m3,4292.123750490784
2025-10-08,Coat preparation,Road,L,2657.6356466121197
2025-07-06,Laying steel rail,Railway,m,3466.524918485832
2025-11-05,Subbase application,Road,m2,1399.2158870713283
2025-08-20,Anchorage,Railway,m2,1875.6630339851015
2025-07-17,Ballast,Railway,m3,308.7875309165533
2025-02-07,Ballast,Railway,m3,2685.720182410958
2025-06-29,Terrain leveling,Building,m3,1091.4879790381488
2025-09-10,Coat preparation,Road,L,2090.2130685822685
2025-07-06,Subbase application,Road,m2,3121.603420980084
2025-07-20,Laying steel rail,Railway,m,263.89803912237164
2025-02-02,Foundation pouring,Building,m3,3926.7056067883873
2025-10-21,Laying steel rail,Railway,m,2902.0914322787135
2025-05-05,Rolling/Tractor,Road,m2,3504.339207191385
2025-12-04,Laying steel rail,Railway,m,3231.480441087103
2025-12-10,Iron mining,Railway,m3,4555.336695165639
2025-04-30,Rolling/Tractor,Road,m2,897.5362095061668
2025-04-27,Removing trees,Building,m2,1842.4317973671655
2025-09-19,Foundation pouring,Building,m3,3956.806029017138
2025-09-16,Ballast,Railway,m3,1253.463988390663
2025-06-13,Cement making,Building,m3,678.3054897521173
2025-04-09,Subbase application,Road,m2,1324.6970281027127
2025-07-15,Subbase application,Road,m2,4069.9492115406806
2025-04-26,Pavement,Road,m2,1380.547626013382
2025-05-28,Removing trees,Building,m2,3060.8401649833368
2025-08-28,Ballast,Railway,m3,2599.6665374994136
2025-11-01,Laying steel rail,Railway,m,4390.038933891289
2025-01-27,Coat preparation,Road,L,1111.5235575979066
2025-04-17,Removing trees,Building,m2,4263.28589498973
2025-10-06,Rolling/Tractor,Road,m2,159.48891588677571
2025-02-10,Pavement,Road,m2,2261.5632764057095
2025-01-15,Pavement,Road,m2,1792.326368165849
2025-07-08,Ballast,Railway,m3,4324.239274774473
2025-02-07,Laying steel rail,Railway,m,4931.837637199864
2025-09-02,Ballast,Railway,m3,4624.092553025091
2025-12-22,Rolling/Tractor,Road,m2,1835.3116740538023
2025-11-23,Iron mining,Railway,m3,2025.4057349316602
2025-09-12,Anchorage,Railway,m2,4362.019140616718
2025-01-09,Anchorage,Railway,m2,2527.5484120628366
2025-02-10,Anchorage,Railway,m2,1357.1833148851338
2025-05-16,Terrain leveling,Building,m3,587.423966406721
2025-06-27,Terrain leveling,Building,m3,2287.9857274884635
2025-12-02,Ballast,Railway,m3,661.5927054792819
2025-05-03,Removing trees,Building,m2,1766.9147661444583
2025-01-31,Subbase application,Road,m2,3373.936202103169
2025-07-14,Coat preparation,Road,L,1150.2152828869393
2025-12-17,Ballast,Railway,m3,3792.9025223940366
2025-09-03,Iron mining,Railway,m3,4234.786269887572
2025-02-15,Rolling/Tractor,Road,m2,1773.5490436986283
2025-09-20,Subbase application,Road,m2,3536.4270240468836
2025-04-01,Pavement,Road,m2,798.0480279478159
2025-04-05,Coat preparation,Road,L,4416.043077227999
2025-10-17,Cement making,Building,m3,3332.6540956976714
2025-03-06,Walling,Building,m2,3737.860339155894
2025-02-19,Laying steel rail,Railway,m,1242.3788344338093
2025-07-21,Pavement,Road,m2,963.8104019839716
2025-06-14,Removing trees,Building,m2,2084.14603747691
2025-10-17,Anchorage,Railway,m2,2889.351713299
2025-06-27,Rolling/Tractor,Road,m2,4186.775505642365
2025-03-21,Laying steel rail,Railway,m,2245.7886741407524
2025-02-24,Laying steel rail,Railway,m,4857.894856909023
2025-02-04,Rolling/Tractor,Road,m2,3379.7041595061824
2025-11-21,Subbase application,Road,m2,4104.314223447267
2025-07-05,Coat preparation,Road,L,4277.877890980236
2025-05-04,Anchorage,Railway,m2,2168.4033309410843
2025-10-15,Walling,Building,m2,4551.8472547172605
2025-07-31,Coat preparation,Road,L,4457.841168096122
2025-02-24,Ballast,Railway,m3,3205.2709775881226
2025-09-02,Rolling/Tractor,Road,m2,53.39541907591061
2025-09-17,Pavement,Road,m2,2264.0487242305153
2025-05-08,Walling,Building,m2,627.1445498423255
2025-03-07,Removing trees,Building,m2,2697.6818690358186
2025-08-07,Cement making,Building,m3,4984.157716252688
2025-11-27,Pavement,Road,m2,4653.942791457328
2025-11-05,Anchorage,Railway,m2,480.86182766793775
2025-07-18,Laying steel rail,Railway,m,380.26223000949824
2025-01-12,Ballast,Railway,m3,2684.2705012753827
2025-03-08,Walling,Building,m2,436.39940009275233
2025-10-24,Pavement,Road,m2,2963.4521872050927
2025-12-12,Cement making,Building,m3,2895.3884607400073
2025-08-24,Walling,Building,m2,3377.9407595289917
2025-11-06,Removing trees,Building,m2,4274.26693124216
2025-08-02,Terrain leveling,Building,m3,2611.509435817548
2025-12-12,Iron mining,Railway,m3,1382.8892094349487
2025-09-07,Terrain leveling,Building,m3,642.4652475709353
2025-12-19,Coat preparation,Road,L,1187.7774649835349
2025-02-13,Iron mining,Railway,m3,926.3892257405088
2025-03-18,Ballast,Railway,m3,3077.4101477460567
2025-01-11,Removing trees,Building,m2,3661.424711152122
2025-01-20,Subbase application,Road,m2,3613.9130406882723
2025-03-15,Ballast,Railway,m3,4011.5636741626026
2025-06-08,Removing trees,Building,m2,351.5019285424414
2025-04-30,Rolling/Tractor,Road,m2,3266.029889461839
2025-12-14,Coat preparation,Road,L,591.2869731422965
2025-02-21,Foundation pouring,Building,m3,4833.31970501508
2025-09-28,Rolling/Tractor,Road,m2,881.6442239702776
2025-09-16,Foundation pouring,Building,m3,711.6104817567398
2025-08-04,Terrain leveling,Building,m3,3629.1056188469333
2025-04-15,Foundation pouring,Building,m3,2882.3546906643937
2025-11-21,Removing trees,Building,m2,1681.8056646862174
2025-01-10,Iron mining,Railway,m3,4664.557731864312
2025-11-29,Rolling/Tractor,Road,m2,3120.5292752613204
2025-02-17,Rolling/Tractor,Road,m2,3901.5245465482644
2025-04-01,Subbase application,Road,m2,535.2708710476938
2025-03-13,Subbase application,Road,m2,1372.102681577494
2025-10-22,Cement making,Building,m3,2681.2623774407925
2025-05-24,Iron mining,Railway,m3,2701.4415607000815
2025-04-26,Cement making,Building,m3,860.34806593345
2025-05-22,Ballast,Railway,m3,453.132028412504
2025-07-30,Rolling/Tractor,Road,m2,1533.4600910358665
2025-08-27,Removing trees,Building,m2,2910.813993012592
2025-03-05,Rolling/Tractor,Road,m2,269.20398675202904
2025-11-08,Iron mining,Railway,m3,4182.81398274909
2025-11-30,Walling,Building,m2,2013.044066199654
2025-05-28,Rolling/Tractor,Road,m2,3802.369016667664
2025-05-06,Terrain leveling,Building,m3,4021.456673051437
2025-04-10,Foundation pouring,Building,m3,1547.1251698253614
2025-09-10,Coat preparation,Road,L,455.2818151766791
2025-03-17,Removing trees,Building,m2,1097.8895482084195
2025-05-20,Foundation pouring,Building,m3,2235.2876941968148
2025-03-02,Removing trees,Building,m2,4715.444286527927
2025-02-25,Ballast,Railway,m3,108.98782561589326
2025-09-22,Anchorage,Railway,m2,887.3465730182828
2025-09-23,Laying steel rail,Railway,m,4098.719384793418
2025-09-20,Rolling/Tractor,Road,m2,4920.192584630604
2025-09-24,Ballast,Railway,m3,4343.965619172794
2025-11-01,Cement making,Building,m3,3497.300932378569
2025-05-26,Anchorage,Railway,m2,3422.334905527925
2025-08-26,Iron mining,Railway,m3,2042.0769922810412
2025-04-16,Removing trees,Building,m2,2249.3160682703333
2025-10-03,Cement making,Building,m3,2312.6935216846705
2025-07-23,Rolling/Tractor,Road,m2,2692.1025731259115
2025-03-31,Subbase application,Road,m2,2477.807942488622
2025-03-08,Walling,Building,m2,1771.9956945448018
2025-05-17,Cement making,Building,m3,1193.8407548339158
2025-02-19,Removing trees,Building,m2,2317.097999450811
2025-10-13,Rolling/Tractor,Road,m2,3114.2372169119653
2025-07-02,Coat preparation,Road,L,2815.5157397264957
2025-04-21,Terrain leveling,Building,m3,3236.894111064865
2025-05-11,Ballast,Railway,m3,3021.799636515994
2025-08-19,Foundation pouring,Building,m3,448.67978698043873
2025-08-01,Removing trees,Building,m2,4207.931950762949
2025-01-20,Cement making,Building,m3,3201.2209655919364
2025-06-07,Anchorage,Railway,m2,2306.2689176253143
2025-02-03,Laying steel rail,Railway,m,3079.754298822145
2025-12-02,Laying steel rail,Railway,m,4156.28141300726
2025-12-02,Anchorage,Railway,m2,971.1064207828813
2025-05-25,Foundation pouring,Building,m3,589.904809680114
2025-10-26,Walling,Building,m2,2946.3967468961077
2025-09-22,Iron mining,Railway,m3,3731.3818371895823
2025-08-08,Pavement,Road,m2,3931.8744958044617
2025-10-21,Foundation pouring,Building,m3,4065.600043122929
2025-03-27,Anchorage,Railway,m2,814.7741428826721
2025-05-27,Terrain leveling,Building,m3,2072.415465777022
2025-05-24,Cement making,Building,m3,2121.9680905454907
2025-11-01,Foundation pouring,Building,m3,4421.004980659962
2025-08-09,Ballast,Railway,m3,4603.64223519864
2025-09-06,Walling,Building,m2,364.97778848484097
2025-03-08,Anchorage,Railway,m2,1472.7267819759877
2025-03-19,Iron mining,Railway,m3,432.24059552909756
2025-11-11,Ballast,Railway,m3,198.26392677949667
2025-04-14,Foundation pouring,Building,m3,4229.280098094984
2025-09-15,Foundation pouring,Building,m3,2366.5437191683886
2025-07-24,Iron mining,Railway,m3,3002.783998350873
2025-03-14,Terrain leveling,Building,m3,3431.3250023888704
2025-07-31,Removing trees,Building,m2,956.951670640268
2025-09-01,Coat preparation,Road,L,3131.779726932009
2025-09-13,Ballast,Railway,m3,3506.3820293008725
2025-06-01,Iron mining,Railway,m3,3906.352899814628
2025-03-24,Rolling/Tractor,Road,m2,4055.3940300807444
2025-05-15,Ballast,Railway,m3,949.2569803321949
2025-10-14,Foundation pouring,Building,m3,297.73270563600465
2025-11-10,Foundation pouring,Building,m3,1304.9668632282928
2025-04-23,Iron mining,Railway,m3,2797.9021682856783
2025-02-26,Ballast,Railway,m3,970.352233745207
2025-05-05,Laying steel rail,Railway,m,4978.3062386399515
2025-03-29,Rolling/Tractor,Road,m2,2753.8541414593765
2025-05-21,Rolling/Tractor,Road,m2,3935.7680785642624
2025-11-14,Foundation pouring,Building,m3,3240.6508182783627
2025-11-02,Rolling/Tractor,Road,m2,3447.0591439988766
2025-03-08,Walling,Building,m2,730.6932557401186
2025-07-15,Rolling/Tractor,Road,m2,1405.3474217565458
2025-09-24,Anchorage,Railway,m2,1285.8222870176282
2025-09-23,Walling,Building,m2,1926.9309123081946
2025-09-07,Ballast,Railway,m3,4860.308961832481
2025-06-18,Laying steel rail,Railway,m,2758.572712831688
2025-08-15,Anchorage,Railway,m2,947.821042432504
2025-08-22,Rolling/Tractor,Road,m2,37.89145696236007
2025-09-09,Rolling/Tractor,Road,m2,2793.1690317797697
2025-10-03,Coat preparation,Road,L,3159.656433128555
2025-11-16,Laying steel rail,Railway,m,3259.71184925317
2025-12-10,Anchorage,Railway,m2,1585.9440907591904
2025-01-14,Anchorage,Railway,m2,167.9006367914232
2025-06-12,Removing trees,Building,m2,4123.733464919785
2025-09-04,Laying steel rail,Railway,m,816.3649332787803
2025-11-06,Ballast,Railway,m3,4054.8686460318468
2025-11-23,Ballast,Railway,m3,2437.8245793015176
2025-03-28,Pavement,Road,m2,4724.9547162033205
2025-01-08,Anchorage,Railway,m2,3235.9608505701076
2025-11-14,Laying steel rail,Railway,m,4823.624094405218
2025-06-09,Foundation pouring,Building,m3,2088.5781539813865
2025-01-27,Laying steel rail,Railway,m,2772.0439790620426
2025-01-29,Iron mining,Railway,m3,3913.6906627606045
2025-09-04,Anchorage,Railway,m2,887.2121907784292
2025-12-16,Subbase application,Road,m2,3489.7138933015203
2025-01-23,Iron mining,Railway,m3,2438.5961077770967
2025-02-06,Walling,Building,m2,2344.232321798941
2025-02-17,Coat preparation,Road,L,4332.436242093824
2025-03-10,Cement making,Building,m3,4307.735731207594
2025-04-23,Walling,Building,m2,3043.3951461895354
2025-09-05,Rolling/Tractor,Road,m2,3833.5294023016136
2025-10-13,Removing trees,Building,m2,3012.3720103592022
2025-07-03,Walling,Building,m2,2061.351371944597
2025-09-08,Iron mining,Railway,m3,1102.7954328655326
2025-03-20,Pavement,Road,m2,1433.0932728346668
2025-01-24,Iron mining,Railway,m3,4774.501522784994
2025-01-16,Foundation pouring,Building,m3,2021.7915774432006
2025-05-23,Rolling/Tractor,Road,m2,4422.710219848319
2025-09-07,Anchorage,Railway,m2,3411.495884469268
2025-11-06,Iron mining,Railway,m3,4227.341156467908
2025-05-21,Removing trees,Building,m2,3251.867949026619
2025-08-31,Iron mining,Railway,m3,2862.0156175968987
2025-08-30,Iron mining,Railway,m3,3527.9148191519666
2025-08-10,Laying steel rail,Railway,m,3379.0309864360006
2025-06-01,Terrain leveling,Building,m3,3137.0083423301103
2025-03-20,Walling,Building,m2,482.18171448031643
2025-05-06,Ballast,Railway,m3,791.5388070872925
2025-08-31,Subbase application,Road,m2,1548.7328267717514
2025-05-13,Subbase application,Road,m2,2289.832854992111
2025-06-18,Terrain leveling,Building,m3,3099.7026385952636
2025-12-18,Ballast,Railway,m3,278.33500351242213
2025-11-24,Laying steel rail,Railway,m,737.8187446578455
2025-08-12,Removing trees,Building,m2,1206.9012204293988
2025-02-17,Rolling/Tractor,Road,m2,3778.4037449726898
2025-06-29,Walling,Building,m2,1933.1274791186604
2025-11-07,Anchorage,Railway,m2,152.71323201084152
2025-12-27,Removing trees,Building,m2,2522.0831450279675
2025-07-14,Rolling/Tractor,Road,m2,1537.963057406032
2025-09-05,Removing trees,Building,m2,110.12889610643839
2025-12-10,Iron mining,Railway,m3,2794.8876079206984
2025-06-27,Iron mining,Railway,m3,3135.57515025032
2025-05-24,Subbase application,Road,m2,512.9919203852396
2025-12-01,Terrain leveling,Building,m3,2899.015687343412
2025-08-05,Removing trees,Building,m2,2975.8837195515703
2025-03-13,Terrain leveling,Building,m3,3900.904939519989
2025-02-03,Rolling/Tractor,Road,m2,2973.776150427901
2025-02-04,Removing trees,Building,m2,2046.3283398248027
2025-10-12,Cement making,Building,m3,1276.3820007586708
2025-02-23,Iron mining,Railway,m3,924.3368135442676
2025-11-28,Anchorage,Railway,m2,15.287766269209136
2025-09-19,Anchorage,Railway,m2,1513.428922382682
2025-12-04,Terrain leveling,Building,m3,2848.2072139394027
2025-04-29,Removing trees,Building,m2,1871.911458372481
2025-03-13,Walling,Building,m2,3335.336612249455
2025-02-12,Anchorage,Railway,m2,412.43722775415273
2025-11-26,Foundation pouring,Building,m3,1056.80087789975
2025-08-06,Subbase application,Road,m2,2988.9234336862132
2025-12-09,Iron mining,Railway,m3,355.73662199027524
2025-02-09,Coat preparation,Road,L,4230.51776848548
2025-07-07,Ballast,Railway,m3,1279.0712969082085
2025-09-10,Foundation pouring,Building,m3,2814.9597455679527
2025-02-22,Subbase application,Road,m2,2992.11958208414
2025-12-04,Subbase application,Road,m2,1890.5829287048543
2025-11-19,Pavement,Road,m2,4207.664351448637
2025-06-27,Anchorage,Railway,m2,1824.6941158828834
2025-11-25,Removing trees,Building,m2,2648.538855942633
2025-05-22,Foundation pouring,Building,m3,302.9200566038015
2025-12-12,Removing trees,Building,m2,4267.582130574838
2025-11-08,Cement making,Building,m3,3440.4511282142553
2025-03-31,Cement making,Building,m3,502.26259284441244
2025-04-08,Removing trees,Building,m2,2637.451722269415
2025-06-20,Removing trees,Building,m2,1724.7085029347575
2025-04-20,Cement making,Building,m3,1047.1250202250565
2025-07-15,Coat preparation,Road,L,2852.1616686863194
2025-01-07,Anchorage,Railway,m2,1590.2778261751926
2025-12-24,Walling,Building,m2,1758.1835951857283
2025-02-18,Cement making,Building,m3,2793.3582377787798
2025-07-03,Pavement,Road,m2,1230.8587629991175
2025-04-29,Coat preparation,Road,L,4430.847480862522
2025-07-23,Coat preparation,Road,L,179.70212760610337
2025-08-27,Subbase application,Road,m2,1084.9545946109733
2025-12-21,Coat preparation,Road,L,1126.3106190895332
2025-12-23,Pavement,Road,m2,2597.5512108505905
2025-04-03,Iron mining,Railway,m3,3612.6943922810524
2025-02-23,Iron mining,Railway,m3,1767.3236750099436
2025-10-07,Iron mining,Railway,m3,1522.7537818452324
2025-09-07,Pavement,Road,m2,59.72134848212185
2025-12-08,Ballast,Railway,m3,1792.978208400527
2025-08-06,Walling,Building,m2,4053.321089880813
2025-06-25,Subbase application,Road,m2,53.951831545486215
2025-11-25,Subbase application,Road,m2,1582.9731701710948
2025-06-01,Laying steel rail,Railway,m,1219.857894425096
2025-05-31,Foundation pouring,Building,m3,1281.1723639346317
2025-05-08,Foundation pouring,Building,m3,363.44134361414814
2025-10-26,Coat preparation,Road,L,4422.513255517463
2025-07-21,Rolling/Tractor,Road,m2,2672.774425768693
2025-01-07,Subbase application,Road,m2,4584.235939233122
2025-12-19,Subbase application,Road,m2,4286.9785431688
2025-08-19,Ballast,Railway,m3,4825.489529364393
2025-09-16,Subbase application,Road,m2,113.49708258645785
2025-03-11,Coat preparation,Road,L,1520.1827136847262
2025-03-24,Subbase application,Road,m2,1711.6502888487855
2025-12-19,Foundation pouring,Building,m3,4048.6506724106275
2025-09-19,Foundation pouring,Building,m3,217.47732617256378
2025-07-28,Subbase application,Road,m2,4641.738614277317
2025-07-11,Coat preparation,Road,L,424.1171586190345
2025-03-12,Cement making,Building,m3,2391.5275414593275
2025-05-21,Ballast,Railway,m3,220.37050715676466
2025-02-18,Subbase application,Road,m2,894.4595648639597
2025-04-16,Walling,Building,m2,1937.2175496781751
2025-06-27,Ballast,Railway,m3,4008.047937441972
2025-08-31,Rolling/Tractor,Road,m2,1926.8620339949205
2025-10-15,Walling,Building,m2,1599.0739693428502
2025-07-06,Coat preparation,Road,L,2179.6658381570037
2025-05-13,Rolling/Tractor,Road,m2,4990.9362790493315
2025-07-25,Iron mining,Railway,m3,1608.8198628050309
2025-07-09,Rolling/Tractor,Road,m2,4616.7534059088775
2025-04-06,Anchorage,Railway,m2,3047.840343690309
2025-01-01,Ballast,Railway,m3,2423.4495125363414
2025-03-05,Laying steel rail,Railway,m,4118.423061006372
2025-02-27,Walling,Building,m2,105.23831969849351
2025-01-18,Laying steel rail,Railway,m,2151.658812177597
2025-04-15,Terrain leveling,Building,m3,2761.9438207896683
2025-05-18,Ballast,Railway,m3,4859.306864042809
2025-01-24,Ballast,Railway,m3,4052.068351867402
2025-03-26,Laying steel rail,Railway,m,3638.301973800218
2025-11-23,Pavement,Road,m2,4050.46143368305
2025-04-03,Pavement,Road,m2,294.88873142471505
2025-06-06,Pavement,Road,m2,4518.236196624915
2025-11-19,Removing trees,Building,m2,2748.051273217023
2025-10-30,Removing trees,Building,m2,3074.9742791888857
2025-07-11,Rolling/Tractor,Road,m2,1427.9296764211313
2025-07-06,Subbase application,Road,m2,4241.404004348146
2025-12-17,Cement making,Building,m3,745.763598479896
2025-01-22,Laying steel rail,Railway,m,640.1144961310101
2025-02-25,Iron mining,Railway,m3,159.01384539049934
2025-06-22,Cement making,Building,m3,4932.392944659823
2025-01-08,Pavement,Road,m2,79.51747988465041
2025-08-28,Terrain leveling,Building,m3,695.1679583987685
2025-07-28,Rolling/Tractor,Road,m2,624.0141687956935
2025-08-30,Cement making,Building,m3,3251.974467374918
2025-05-31,Ballast,Railway,m3,2044.7175590928152
2025-10-14,Coat preparation,Road,L,2048.8028076526466
2025-02-10,Foundation pouring,Building,m3,1521.743434169815
2025-04-27,Laying steel rail,Railway,m,1077.0658117639991
2025-06-30,Walling,Building,m2,877.457333499277
2025-02-25,Removing trees,Building,m2,4893.448992414824
2025-08-12,Terrain leveling,Building,m3,1072.8741531361002
2025-06-03,Removing trees,Building,m2,3256.2476634957097
2025-01-27,Walling,Building,m2,4065.194516940959
2025-05-21,Subbase application,Road,m2,3310.4415853141118
2025-08-19,Anchorage,Railway,m2,3599.842341666855
2025-04-17,Terrain leveling,Building,m3,4614.097840910721
2025-04-23,Removing trees,Building,m2,3745.8027580284147
2025-09-26,Subbase application,Road,m2,4345.984460196727
2025-02-21,Coat preparation,Road,L,784.8336793943372
2025-01-11,Subbase application,Road,m2,4492.149528732227
2025-02-20,Rolling/Tractor,Road,m2,3367.819353467757
2025-11-10,Coat preparation,Road,L,4135.688089815755
2025-04-01,Removing trees,Building,m2,1449.0836718217715
2025-05-09,Terrain leveling,Building,m3,1611.3580706636803
2025-05-10,Terrain leveling,Building,m3,2305.220522467828
2025-03-19,Rolling/Tractor,Road,m2,1911.8780987749706
2025-04-02,Pavement,Road,m2,1201.6049186089433
2025-08-20,Terrain leveling,Building,m3,4506.776342477941
2025-08-07,Walling,Building,m2,3859.308048971942
2025-08-16,Removing trees,Building,m2,3553.069237564237
2025-12-23,Coat preparation,Road,L,2529.089681636402
2025-01-27,Anchorage,Railway,m2,3219.7120924755723
2025-10-10,Laying steel rail,Railway,m,4038.3032460418403
2025-01-26,Coat preparation,Road,L,2628.942573600234
2025-07-05,Ballast,Railway,m3,1841.1160056116555
2025-10-23,Walling,Building,m2,1335.9593611488124
2025-09-12,Ballast,Railway,m3,4682.000977563462
2025-04-07,Anchorage,Railway,m2,3656.8596727815266
2025-01-12,Pavement,Road,m2,2645.920357324662
2025-10-25,Rolling/Tractor,Road,m2,3830.766658536962
2025-03-15,Anchorage,Railway,m2,4894.342356888127
2025-01-17,Pavement,Road,m2,4517.3942840184955
2025-02-11,Terrain leveling,Building,m3,3411.882560777514
2025-08-28,Iron mining,Railway,m3,522.0252724649649
2025-06-08,Walling,Building,m2,4361.025467015812
2025-09-07,Iron mining,Railway,m3,2676.5539515708956
2025-05-13,Removing trees,Building,m2,4768.500682879862
2025-02-09,Cement making,Building,m3,2242.7313075734332
2025-09-21,Walling,Building,m2,962.278656162307
2025-04-06,Terrain leveling,Building,m3,3031.3141788406574
2025-03-03,Laying steel rail,Railway,m,3518.016032839394
2025-08-22,Rolling/Tractor,Road,m2,2122.095260810062
2025-12-29,Rolling/Tractor,Road,m2,3142.6812358536745
2025-03-20,Rolling/Tractor,Road,m2,3832.7771045328727
2025-03-21,Terrain leveling,Building,m3,464.9835894421889
2025-03-07,Laying steel rail,Railway,m,2611.742378801263
2025-08-14,Subbase application,Road,m2,4770.421464258344
2025-09-29,Ballast,Railway,m3,1247.7185226367992
2025-03-29,Laying steel rail,Railway,m,325.9630664957003
2025-04-24,Iron mining,Railway,m3,109.26921803180834
2025-05-09,Ballast,Railway,m3,1707.6427111702203
2025-07-05,Anchorage,Railway,m2,2694.476298528699
2025-10-04,Walling,Building,m2,4955.140004540556
2025-04-09,Pavement,Road,m2,3215.9912265996127
2025-02-13,Removing trees,Building,m2,21.532708885218522
2025-03-23,Removing trees,Building,m2,4133.083050470948
2025-06-18,Terrain leveling,Building,m3,814.0700426605702
2025-06-27,Cement making,Building,m3,2819.0349471509785
2025-05-04,Laying steel rail,Railway,m,692.572621823932
2025-04-16,Subbase application,Road,m2,2002.2386464952208
2025-05-07,Ballast,Railway,m3,3024.8701956243185
2025-02-26,Removing trees,Building,m2,2310.002192374014
2025-10-05,Walling,Building,m2,4821.867639501038
2025-05-26,Pavement,Road,m2,1477.164786982575
2025-11-20,Iron mining,Railway,m3,1476.0653932104806
2025-08-25,Subbase application,Road,m2,4343.2498246649875
2025-12-24,Subbase application,Road,m2,1703.7389706112426
2025-04-10,Foundation pouring,Building,m3,4172.578072173263
2025-02-19,Rolling/Tractor,Road,m2,4298.9309189500145
2025-11-07,Anchorage,Railway,m2,1596.4028539742997
2025-02-28,Pavement,Road,m2,4712.767298499248
2025-03-10,Foundation pouring,Building,m3,333.9647812662161
2025-11-17,Rolling/Tractor,Road,m2,599.5543968701694
2025-07-07,Removing trees,Building,m2,3024.0359237533844
2025-12-09,Foundation pouring,Building,m3,1756.231009410645
2025-11-14,Iron mining,Railway,m3,2948.034602272794
2025-01-14,Removing trees,Building,m2,2617.9717859276707
2025-09-08,Iron mining,Railway,m3,4092.5305072669025
2025-02-20,Terrain leveling,Building,m3,3063.396110028746
2025-07-23,Anchorage,Railway,m2,4059.6758471909134
2025-08-27,Subbase application,Road,m2,2490.6200639201347
2025-02-15,Subbase application,Road,m2,4449.934015161625
2025-03-23,Coat preparation,Road,L,4322.366805182316
2025-06-16,Rolling/Tractor,Road,m2,1907.9314143756098
2025-03-20,Removing trees,Building,m2,515.9737561170031
2025-01-01,Walling,Building,m2,4419.219151111144
2025-08-27,Walling,Building,m2,2633.2179659561243
2025-01-02,Subbase application,Road,m2,1287.4585233579517
2025-05-16,Subbase application,Road,m2,265.6238850460435
2025-11-23,Coat preparation,Road,L,2606.659496980172
2025-08-17,Laying steel rail,Railway,m,1422.886195426657
2025-04-12,Cement making,Building,m3,3804.631262212424
2025-08-22,Ballast,Railway,m3,1044.1848453586722
2025-03-27,Walling,Building,m2,789.1105205574917
2025-12-09,Rolling/Tractor,Road,m2,3362.804579633774
2025-10-02,Anchorage,Railway,m2,4428.890124649562
2025-04-30,Pavement,Road,m2,81.29934420716911
2025-06-10,Subbase application,Road,m2,4084.803770197221
2025-07-27,Subbase application,Road,m2,2444.523769895458
2025-05-15,Subbase application,Road,m2,940.1383889260356
2025-05-28,Subbase application,Road,m2,437.64599548384575
2025-03-29,Coat preparation,Road,L,4221.832284677398
2025-09-17,Pavement,Road,m2,2701.5708653394813
2025-04-01,Terrain leveling,Building,m3,3541.9294662677216
2025-02-20,Terrain leveling,Building,m3,924.2334237074012
2025-02-15,Pavement,Road,m2,1496.8261601517647
2025-03-12,Anchorage,Railway,m2,1617.5540752842605
2025-01-03,Iron mining,Railway,m3,3047.886916658119
2025-10-15,Anchorage,Railway,m2,1370.4012627646462
2025-11-29,Removing trees,Building,m2,1763.3881086827225
2025-06-25,Coat preparation,Road,L,1031.029661188041
2025-07-17,Ballast,Railway,m3,2655.2408283641116
2025-01-06,Coat preparation,Road,L,330.8285915640069
2025-08-29,Laying steel rail,Railway,m,3505.677404820799
2025-12-05,Terrain leveling,Building,m3,2336.904983551231
2025-07-17,Cement making,Building,m3,394.56253087647275
2025-05-01,Cement making,Building,m3,2795.484861766794
2025-08-17,Rolling/Tractor,Road,m2,1737.102584985618
2025-04-03,Rolling/Tractor,Road,m2,992.1605161276103
2025-07-31,Coat preparation,Road,L,1888.7231321745223
2025-06-16,Walling,Building,m2,2658.839493529314
2025-04-03,Anchorage,Railway,m2,117.40230601187895
2025-12-25,Anchorage,Railway,m2,2760.430116739521
2025-09-07,Terrain leveling,Building,m3,1066.798410527353
2025-04-25,Subbase application,Road,m2,3615.7811216650916
2025-01-02,Rolling/Tractor,Road,m2,303.4656956039833
2025-02-28,Cement making,Building,m3,775.4860881671277
2025-07-31,Laying steel rail,Railway,m,4960.084803767839
2025-01-10,Rolling/Tractor,Road,m2,2781.5785162411335
2025-01-02,Cement making,Building,m3,3140.0615585664505
2025-04-30,Subbase application,Road,m2,3367.937125765183
2025-07-26,Rolling/Tractor,Road,m2,2657.5910675897444
2025-07-06,Rolling/Tractor,Road,m2,3681.8488858546693
2025-12-21,Pavement,Road,m2,4856.2188047349955
2025-10-28,Coat preparation,Road,L,2682.4493470784982
2025-11-30,Anchorage,Railway,m2,2917.310706104821
2025-12-25,Laying steel rail,Railway,m,4325.88299099386
2025-08-28,Foundation pouring,Building,m3,2961.3183792413024
2025-03-05,Pavement,Road,m2,3414.5634238527773
2025-02-26,Anchorage,Railway,m2,4817.279245037473
2025-01-16,Pavement,Road,m2,1862.8056296076757
2025-04-10,Ballast,Railway,m3,1032.0283712708301
2025-07-04,Removing trees,Building,m2,4516.686283559855
2025-04-03,Ballast,Railway,m3,1186.863813438085
2025-12-26,Laying steel rail,Railway,m,2824.938986917046
2025-11-23,Pavement,Road,m2,4047.0346814922514
2025-02-06,Terrain leveling,Building,m3,4462.0936016304495
2025-10-29,Ballast,Railway,m3,383.9287428182786
2025-08-31,Pavement,Road,m2,2186.363310896072
2025-08-31,Walling,Building,m2,1361.0891938145753
2025-04-07,Rolling/Tractor,Road,m2,2613.7875788739348
2025-11-10,Rolling/Tractor,Road,m2,3277.4652147807788
2025-02-01,Walling,Building,m2,407.0542022830642
2025-09-25,Ballast,Railway,m3,2813.2176122029123
2025-03-14,Laying steel rail,Railway,m,421.8131420517335
2025-03-23,Walling,Building,m2,4057.969040317689
2025-12-20,Iron mining,Railway,m3,294.1121604527974
2025-09-06,Laying steel rail,Railway,m,4836.000956531758
2025-10-18,Foundation pouring,Building,m3,1568.1417390265867
2025-04-23,Anchorage,Railway,m2,729.2967223501823
2025-09-26,Cement making,Building,m3,4891.4746419603225
2025-09-25,Subbase application,Road,m2,2773.662649445891
2025-12-25,Coat preparation,Road,L,4792.490985775231
2025-08-20,Anchorage,Railway,m2,3835.922759524546
2025-02-21,Removing trees,Building,m2,3708.144165421629
2025-08-06,Coat preparation,Road,L,2926.2643214909344
2025-08-17,Pavement,Road,m2,1965.4558669613787
2025-12-15,Walling,Building,m2,148.46948544922412
2025-08-20,Foundation pouring,Building,m3,2412.3383720446213
2025-02-05,Foundation pouring,Building,m3,3115.636573263741
2025-11-28,Terrain leveling,Building,m3,2027.0853789049193
2025-07-29,Coat preparation,Road,L,1668.0740236305458
2025-05-07,Coat preparation,Road,L,655.1101802409287
2025-12-01,Rolling/Tractor,Road,m2,3815.7358282275068
2025-09-28,Rolling/Tractor,Road,m2,3679.545272983707
2025-01-19,Removing trees,Building,m2,4416.602699427612
2025-06-14,Laying steel rail,Railway,m,3941.860406385764
2025-11-08,Rolling/Tractor,Road,m2,3105.943416566079
2025-09-14,Coat preparation,Road,L,1211.7667085622224
2025-04-18,Pavement,Road,m2,1054.9186551787127
2025-12-16,Coat preparation,Road,L,3443.8058091257785
2025-09-09,Cement making,Building,m3,2890.390863669363
2025-12-27,Anchorage,Railway,m2,3541.9876871084502
2025-03-10,Removing trees,Building,m2,1415.3552513920304
2025-11-14,Walling,Building,m2,2333.8421278007118
2025-09-17,Walling,Building,m2,979.7171924179515
2025-12-04,Walling,Building,m2,1490.8510503874334
2025-05-08,Subbase application,Road,m2,547.2388784789739
2025-01-27,Terrain leveling,Building,m3,3642.3782429072426
2025-04-11,Anchorage,Railway,m2,3753.7327338126956
2025-09-19,Anchorage,Railway,m2,2443.2343538787627
2025-07-25,Laying steel rail,Railway,m,4855.755845170336
2025-07-15,Cement making,Building,m3,2758.599261437498
2025-04-03,Foundation pouring,Building,m3,2214.285659655813
2025-06-08,Coat preparation,Road,L,4921.23794717712
2025-07-21,Terrain leveling,Building,m3,3364.6483388792963
2025-01-12,Removing trees,Building,m2,2551.2484867881108
2025-07-08,Removing trees,Building,m2,297.1967650104768
2025-07-11,Laying steel rail,Railway,m,3173.7733635680925
2025-04-11,Rolling/Tractor,Road,m2,3052.173068841766
2025-09-15,Anchorage,Railway,m2,650.4020638515184
2025-07-23,Iron mining,Railway,m3,3340.4491838765516
2025-08-22,Coat preparation,Road,L,3689.9461800080026
2025-11-08,Pavement,Road,m2,4597.44954481701
2025-01-14,Cement making,Building,m3,1717.8427636486888
2025-05-21,Anchorage,Railway,m2,1602.889366159993
2025-01-31,Iron mining,Railway,m3,1563.9366434962826
2025-06-20,Cement making,Building,m3,2730.771282614223
2025-10-13,Foundation pouring,Building,m3,2538.521260970657
2025-07-03,Foundation pouring,Building,m3,3693.516534297224
2025-10-05,Removing trees,Building,m2,4878.341833364891
2025-12-28,Laying steel rail,Railway,m,3706.6483158929746
2025-12-08,Anchorage,Railway,m2,4489.227119680056
2025-07-09,Laying steel rail,Railway,m,2706.0075151319406
2025-05-30,Iron mining,Railway,m3,4730.946596671171
2025-04-12,Coat preparation,Road,L,1212.2943491542248
2025-01-23,Foundation pouring,Building,m3,1382.9741063160388
2025-03-16,Iron mining,Railway,m3,3756.4444674986535
2025-06-17,Ballast,Railway,m3,2206.651931335436
2025-12-26,Coat preparation,Road,L,1286.9681997099792
2025-10-22,Terrain leveling,Building,m3,848.7376386209405
2025-04-20,Terrain leveling,Building,m3,494.2832573403627
2025-01-21,Pavement,Road,m2,1491.7953388555704
2025-09-14,Cement making,Building,m3,1559.0223018395882
2025-04-02,Iron mining,Railway,m3,4286.063384849705
2025-06-01,Foundation pouring,Building,m3,4997.42163469895
2025-07-20,Foundation pouring,Building,m3,442.3569405609107
2025-10-20,Rolling/Tractor,Road,m2,307.70992500578797
2025-12-01,Laying steel rail,Railway,m,4032.7020422620863
2025-04-29,Pavement,Road,m2,271.79394867723863
2025-01-21,Iron mining,Railway,m3,1250.5499508207436
2025-12-14,Iron mining,Railway,m3,1525.7436808455927
2025-09-16,Subbase application,Road,m2,1700.8040690921196
2025-11-19,Coat preparation,Road,L,2354.242732247534
2025-09-12,Iron mining,Railway,m3,4406.057242398002
2025-10-03,Ballast,Railway,m3,3296.2980715112394
2025-03-20,Cement making,Building,m3,3673.3448972297288
2025-06-05,Walling,Building,m2,4764.485550172937
2025-08-28,Rolling/Tractor,Road,m2,3918.6774046914156
2025-11-13,Cement making,Building,m3,3404.5883717643937
2025-06-03,Cement making,Building,m3,3507.3307881569517
2025-11-26,Pavement,Road,m2,1767.8160769418405
2025-04-08,Pavement,Road,m2,758.4058641524643
2025-06-23,Coat preparation,Road,L,3179.3602103283324
2025-05-30,Walling,Building,m2,1463.9704548256293
2025-08-28,Walling,Building,m2,3594.750563423107
2025-02-21,Coat preparation,Road,L,4676.983735983425
2025-06-07,Ballast,Railway,m3,3103.5631178748745
2025-02-13,Pavement,Road,m2,3578.379587000225
2025-07-31,Removing trees,Building,m2,1417.1478063953496
2025-09-15,Laying steel rail,Railway,m,2001.7020875518754
2025-07-07,Laying steel rail,Railway,m,1746.1808070174256
2025-04-10,Terrain leveling,Building,m3,1592.5174673507481
2025-10-16,Cement making,Building,m3,2502.404673140652
2025-03-28,Cement making,Building,m3,3637.761231997757
2025-07-26,Terrain leveling,Building,m3,3048.635248567857
2025-02-13,Subbase application,Road,m2,704.9392599467496
2025-08-06,Ballast,Railway,m3,1558.1469663933262
2025-03-30,Cement making,Building,m3,3379.739379158329
2025-11-30,Walling,Building,m2,949.3750294297604
2025-10-06,Foundation pouring,Building,m3,4439.579150873234
2025-05-10,Coat preparation,Road,L,2839.406330829488
2025-12-23,Foundation pouring,Building,m3,1715.7350416753243
2025-08-16,Cement making,Building,m3,4749.207130319994
2025-10-14,Pavement,Road,m2,3.1632398464409572
2025-06-27,Laying steel rail,Railway,m,4118.595616787478
2025-08-23,Removing trees,Building,m2,4609.5017020947735
2025-04-29,Cement making,Building,m3,3507.6245662099304
2025-01-18,Anchorage,Railway,m2,3286.982302591695
2025-03-05,Iron mining,Railway,m3,3115.6627126393673
2025-01-09,Foundation pouring,Building,m3,266.40726166006937
2025-04-25,Ballast,Railway,m3,3116.8255788696656
2025-08-26,Removing trees,Building,m2,173.63922682148424
2025-08-18,Coat preparation,Road,L,4451.626541485284
2025-05-19,Cement making,Building,m3,4628.301318509687
2025-06-15,Removing trees,Building,m2,525.3216783386838
2025-08-02,Subbase application,Road,m2,33.018854513121035
2025-12-20,Removing trees,Building,m2,623.2658011107328
2025-09-04,Pavement,Road,m2,3300.3877802592892
2025-12-23,Walling,Building,m2,876.9695212991519
2025-08-09,Ballast,Railway,m3,3234.1070536692073
2025-07-19,Foundation pouring,Building,m3,3900.0536254077774
2025-06-21,Iron mining,Railway,m3,3789.952626441556
2025-12-26,Pavement,Road,m2,93.96250930650551
2025-10-30,Pavement,Road,m2,2160.4250264364327
2025-07-21,Foundation pouring,Building,m3,2416.5021356275965
2025-04-15,Walling,Building,m2,2332.3088537145636
2025-06-21,Terrain leveling,Building,m3,2663.7610034931754
2025-09-26,Rolling/Tractor,Road,m2,4596.720817041635
2025-03-20,Laying steel rail,Railway,m,3073.897446718627
2025-10-14,Coat preparation,Road,L,4193.575103254932
2025-04-07,Laying steel rail,Railway,m,2090.1350194715887
2025-03-09,Pavement,Road,m2,4453.1993110513495
2025-06-28,Rolling/Tractor,Road,m2,1174.9812851390113
2025-08-20,Walling,Building,m2,172.91519241669772
2025-12-27,Pavement,Road,m2,4637.44085727424
2025-09-12,Ballast,Railway,m3,2610.9480438936675
2025-05-30,Ballast,Railway,m3,1993.4510354396023
2025-08-20,Removing trees,Building,m2,78.61978755082654
2025-04-01,Foundation pouring,Building,m3,634.944768113923
2025-04-07,Subbase application,Road,m2,208.35613052418657
2025-06-18,Rolling/Tractor,Road,m2,2727.2239430110144
2025-07-18,Pavement,Road,m2,1222.9246315799974
2025-09-14,Removing trees,Building,m2,1714.455724559676
2025-08-31,Laying steel rail,Railway,m,2943.199724399576
2025-05-22,Foundation pouring,Building,m3,4500.228384008163
2025-11-15,Subbase application,Road,m2,1469.7117384238695
2025-09-16,Anchorage,Railway,m2,1929.722828404924
2025-09-02,Cement making,Building,m3,2938.7059875983596
2025-08-16,Walling,Building,m2,3262.057342525728
2025-11-05,Rolling/Tractor,Road,m2,2077.2522443434805
2025-12-23,Terrain leveling,Building,m3,749.9977155879122
2025-04-17,Rolling/Tractor,Road,m2,4414.2852101755625
2025-05-09,Iron mining,Railway,m3,588.140400121932
2025-12-05,Pavement,Road,m2,504.9046548554342
2025-08-15,Iron mining,Railway,m3,1432.85894704561
2025-10-09,Walling,Building,m2,812.7581682702156
2025-08-18,Subbase application,Road,m2,505.1574400262737
2025-05-07,Laying steel rail,Railway,m,2498.192189503382
2025-07-01,Coat preparation,Road,L,4262.841275143426
2025-03-22,Removing trees,Building,m2,4165.785175708724
2025-07-05,Removing trees,Building,m2,1557.2415207251534
2025-05-19,Terrain leveling,Building,m3,1130.938268722907
2025-02-03,Walling,Building,m2,592.60382401084
2025-03-07,Walling,Building,m2,2327.8380484137833
2025-03-23,Subbase application,Road,m2,4388.085601477092
2025-07-12,Walling,Building,m2,3066.1502636032596
2025-09-09,Rolling/Tractor,Road,m2,542.3226689001203
2025-01-23,Walling,Building,m2,1276.4374986469302
2025-09-15,Subbase application,Road,m2,4142.390671653509
2025-01-24,Walling,Building,m2,4099.095029490422
2025-06-13,Terrain leveling,Building,m3,4600.6842574519505
2025-12-09,Terrain leveling,Building,m3,2962.5139810808796
2025-07-01,Cement making,Building,m3,3987.160543289931
2025-02-03,Subbase application,Road,m2,2066.522753437662
2025-03-06,Ballast,Railway,m3,2227.302007199695
2025-11-09,Laying steel rail,Railway,m,4199.628400033203
2025-12-13,Coat preparation,Road,L,1019.1710956440025
2025-10-29,Removing trees,Building,m2,445.2482959360854
2025-04-15,Terrain leveling,Building,m3,3881.5757370004653
2025-09-12,Walling,Building,m2,3804.4270461959522
2025-04-07,Cement making,Building,m3,3759.5109907580127
2025-07-17,Rolling/Tractor,Road,m2,421.3122117627854
2025-02-27,Laying steel rail,Railway,m,1696.9560868583073
2025-07-05,Removing trees,Building,m2,3643.0835883803816
2025-03-29,Pavement,Road,m2,1339.4115038804782
2025-05-27,Terrain leveling,Building,m3,2887.695759013267
2025-07-10,Terrain leveling,Building,m3,3282.2747776620113
2025-03-20,Ballast,Railway,m3,4399.616739474049
2025-02-01,Walling,Building,m2,3353.6522263873235
2025-06-19,Subbase application,Road,m2,4724.07757766232
2025-12-26,Laying steel rail,Railway,m,2863.2423781000116
2025-08-19,Foundation pouring,Building,m3,3761.8529780154518
2025-07-24,Subbase application,Road,m2,1198.6533345518114
2025-12-16,Coat preparation,Road,L,826.3731796745261
2025-10-28,Ballast,Railway,m3,4177.415838313417
2025-01-28,Rolling/Tractor,Road,m2,3319.4378566851483
2025-12-14,Removing trees,Building,m2,1521.9297935462782
2025-03-06,Anchorage,Railway,m2,4686.80930161482
2025-05-08,Walling,Building,m2,204.87897269029497
2025-10-29,Rolling/Tractor,Road,m2,785.6821982203444
2025-01-03,Coat preparation,Road,L,187.90817546816996
2025-06-04,Laying steel rail,Railway,m,877.0404893751161
2025-12-14,Anchorage,Railway,m2,954.5761973263278
2025-07-06,Ballast,Railway,m3,1191.1607187706775
2025-09-09,Ballast,Railway,m3,912.17542762075
2025-11-24,Anchorage,Railway,m2,2557.3251458243453
2025-09-19,Removing trees,Building,m2,2132.685551486883
2025-05-19,Terrain leveling,Building,m3,4451.865692944327
2025-04-16,Rolling/Tractor,Road,m2,1432.0471912330352
2025-07-24,Walling,Building,m2,1124.0350018084905
2025-11-14,Laying steel rail,Railway,m,4594.612101961291
2025-08-04,Removing trees,Building,m2,2188.349733165115
2025-06-09,Removing trees,Building,m2,1765.9176977847435
2025-09-07,Anchorage,Railway,m2,3315.7794432762057
2025-02-12,Laying steel rail,Railway,m,2026.1264994437367
2025-10-09,Coat preparation,Road,L,3864.673994315468
2025-03-06,Cement making,Building,m3,3767.1690334550867
2025-05-07,Cement making,Building,m3,3525.1855344772166
2025-08-28,Cement making,Building,m3,2311.8715384594907
2025-03-21,Ballast,Railway,m3,1227.1133681510898
2025-12-16,Foundation pouring,Building,m3,3800.4916492627594
2025-08-17,Iron mining,Railway,m3,708.8800332163137
2025-04-24,Laying steel rail,Railway,m,1530.9027536544295
2025-08-27,Rolling/Tractor,Road,m2,652.449559944378
2025-07-31,Ballast,Railway,m3,959.286919657642
2025-04-09,Cement making,Building,m3,152.4803632594657
2025-08-07,Laying steel rail,Railway,m,3469.125039578049
2025-09-23,Subbase application,Road,m2,364.3193807608836
2025-07-25,Ballast,Railway,m3,1802.390935022492
2025-03-18,Subbase application,Road,m2,430.40621530952336
2025-11-27,Ballast,Railway,m3,1957.4336242295453
2025-01-16,Rolling/Tractor,Road,m2,3543.465061099278
2025-05-07,Pavement,Road,m2,4116.6825142097505
2025-06-15,Laying steel rail,Railway,m,202.08396341446942
2025-12-29,Pavement,Road,m2,3232.060137266383
2025-01-13,Cement making,Building,m3,4143.869157363703
2025-10-14,Cement making,Building,m3,1709.2067640268156
2025-10-10,Terrain leveling,Building,m3,3006.622275451613
2025-01-27,Rolling/Tractor,Road,m2,870.0743167775121
2025-12-05,Foundation pouring,Building,m3,4731.637207894025
2025-12-20,Subbase application,Road,m2,4698.265471544381
2025-10-24,Pavement,Road,m2,957.2954229342229
2025-07-01,Subbase application,Road,m2,1678.1823300927595
2025-07-07,Pavement,Road,m2,4887.125119210341
2025-04-19,Cement making,Building,m3,207.49674520177174
2025-06-15,Removing trees,Building,m2,195.17914317929151
2025-10-11,Subbase application,Road,m2,2206.9115511235004
2025-08-23,Coat preparation,Road,L,4653.1908553849
2025-10-20,Cement making,Building,m3,1770.2871318045848
2025-08-14,Ballast,Railway,m3,2138.041805304177
2025-02-07,Walling,Building,m2,2324.9663477262798
2025-03-21,Pavement,Road,m2,173.58404624621292
2025-07-22,Removing trees,Building,m2,2123.9277679849997
2025-01-19,Anchorage,Railway,m2,4956.099068929039
2025-11-09,Cement making,Building,m3,4519.981850195818
2025-07-10,Cement making,Building,m3,3045.3660669358546
2025-06-03,Rolling/Tractor,Road,m2,3413.7490545752958
2025-03-05,Removing trees,Building,m2,4320.502439571158
2025-01-24,Coat preparation,Road,L,292.10278000472266
2025-01-04,Anchorage,Railway,m2,1007.8919478450238
2025-03-15,Ballast,Railway,m3,1137.0364828990553
2025-09-21,Pavement,Road,m2,1303.4360673536721
2025-03-13,Foundation pouring,Building,m3,3175.7556760253847
2025-10-20,Subbase application,Road,m2,408.26239446029086
2025-04-14,Removing trees,Building,m2,3434.851341815888
2025-07-03,Rolling/Tractor,Road,m2,3360.454769825143
2025-05-09,Removing trees,Building,m2,1562.6805373851116
2025-09-15,Walling,Building,m2,419.29150838180163
2025-04-02,Iron mining,Railway,m3,586.9512622437356
2025-06-22,Terrain leveling,Building,m3,1596.2067541771075
2025-11-09,Iron mining,Railway,m3,3605.731577005793
2025-10-24,Rolling/Tractor,Road,m2,240.91472827969474
2025-11-02,Ballast,Railway,m3,780.8238570898485
2025-03-19,Laying steel rail,Railway,m,4003.9377792460195
2025-06-08,Cement making,Building,m3,1058.1534513099816
2025-06-10,Pavement,Road,m2,3489.5985931143246
2025-07-08,Walling,Building,m2,2410.419316110579
2025-10-01,Coat preparation,Road,L,77.1853286246127
2025-02-03,Foundation pouring,Building,m3,3946.98415665888
2025-10-30,Coat preparation,Road,L,3672.6927037801233
2025-09-01,Coat preparation,Road,L,313.48547847116714
2025-12-18,Ballast,Railway,m3,2118.826638307124
2025-07-01,Cement making,Building,m3,3491.9305499636553
2025-08-18,Iron mining,Railway,m3,1055.7996991084444
2025-11-23,Terrain leveling,Building,m3,3478.482806560745
2025-09-12,Iron mining,Railway,m3,2718.1546839529046
2025-05-03,Anchorage,Railway,m2,1662.5088732133324
2025-03-10,Subbase application,Road,m2,4361.120141022333
2025-05-15,Rolling/Tractor,Road,m2,4842.8728158432095
2025-03-23,Subbase application,Road,m2,1230.9103082028262
2025-05-28,Removing trees,Building,m2,2216.436492559245
2025-06-16,Anchorage,Railway,m2,583.3648622724769
2025-05-12,Removing trees,Building,m2,4864.1473743991155
2025-11-10,Iron mining,Railway,m3,4680.210639119931
2025-10-02,Removing trees,Building,m2,4981.208486069631
2025-07-10,Pavement,Road,m2,2777.2051261291404
2025-03-19,Removing trees,Building,m2,4573.28461030384
2025-02-26,Foundation pouring,Building,m3,298.0689155887023
2025-12-18,Coat preparation,Road,L,2528.485013139057
2025-08-28,Coat preparation,Road,L,3956.3698796400186
2025-11-10,Iron mining,Railway,m3,817.38755468519
2025-05-17,Anchorage,Railway,m2,2947.7097467496883
2025-12-21,Removing trees,Building,m2,1247.3642702175514
2025-03-30,Anchorage,Railway,m2,249.37702434128738
2025-11-14,Pavement,Road,m2,1364.0840287035167
2025-12-07,Ballast,Railway,m3,906.1416983790143
2025-05-14,Anchorage,Railway,m2,2147.808168991725
2025-12-27,Walling,Building,m2,3180.5210541147585
2025-06-26,Subbase application,Road,m2,474.83208563166625
2025-12-04,Cement making,Building,m3,2944.456515591902
2025-12-16,Subbase application,Road,m2,519.4351382989121
2025-07-24,Coat preparation,Road,L,4387.122709946032
2025-09-02,Walling,Building,m2,1457.6026495914462
2025-10-13,Anchorage,Railway,m2,3320.081705390665
2025-10-20,Ballast,Railway,m3,2833.5875601771104
2025-10-11,Subbase application,Road,m2,1245.176432575346
2025-06-29,Pavement,Road,m2,1581.4727302145259
2025-02-01,Anchorage,Railway,m2,4190.72307308225
2025-03-27,Subbase application,Road,m2,4008.030510843694
2025-09-30,Rolling/Tractor,Road,m2,3755.417073623947
2025-02-25,Laying steel rail,Railway,m,1576.4909240468232
2025-06-18,Coat preparation,Road,L,2073.9885338660897
2025-08-28,Laying steel rail,Railway,m,3353.828415364246
2025-04-16,Subbase application,Road,m2,1640.4581229113073
2025-03-07,Coat preparation,Road,L,1751.7417385609729
2025-09-03,Coat preparation,Road,L,1309.6948337758597
2025-11-29,Subbase application,Road,m2,3192.897876450948
2025-05-27,Coat preparation,Road,L,921.0390865897589
2025-12-19,Foundation pouring,Building,m3,4542.85782733605
2025-02-14,Laying steel rail,Railway,m,3033.6156229403905
2025-10-18,Laying steel rail,Railway,m,272.42259871464836
2025-12-06,Foundation pouring,Building,m3,1275.5475374725884
2025-08-10,Coat preparation,Road,L,4047.300043070028
2025-05-18,Subbase application,Road,m2,2941.9367266287704
2025-03-23,Rolling/Tractor,Road,m2,1708.7710687071278
2025-11-13,Laying steel rail,Railway,m,4241.870903511406
2025-05-17,Ballast,Railway,m3,1821.54347904458
2025-09-02,Foundation pouring,Building,m3,114.9437223612898
2025-10-23,Terrain leveling,Building,m3,4268.742662362076
2025-07-09,Laying steel rail,Railway,m,2794.2595268611303
2025-09-21,Foundation pouring,Building,m3,4898.880532021171
2025-10-03,Terrain leveling,Building,m3,2376.4726900833557
2025-06-18,Coat preparation,Road,L,3339.922101511317
2025-03-11,Rolling/Tractor,Road,m2,20.26990522574379
2025-10-14,Removing trees,Building,m2,1639.8695710397637
2025-02-17,Subbase application,Road,m2,1092.4149311117437
2025-04-04,Subbase application,Road,m2,954.6119188868806
2025-01-07,Walling,Building,m2,3533.987288799967
2025-05-03,Removing trees,Building,m2,3649.5308405587066
2025-04-20,Anchorage,Railway,m2,4957.072876173658
2025-08-17,Iron mining,Railway,m3,713.2598701380844
2025-02-16,Iron mining,Railway,m3,2891.6103064182985
2025-03-28,Subbase application,Road,m2,2586.2097790384937
2025-07-08,Removing trees,Building,m2,3180.4217192115184
2025-03-29,Walling,Building,m2,1403.4935151527773
2025-07-27,Iron mining,Railway,m3,4624.113531720498
2025-12-27,Walling,Building,m2,4246.598328426626
2025-03-18,Laying steel rail,Railway,m,3572.342129423408
2025-02-09,Coat preparation,Road,L,529.82023608804
2025-03-02,Rolling/Tractor,Road,m2,3569.0864272067747
2025-08-29,Iron mining,Railway,m3,3839.7257049411946
2025-05-10,Removing trees,Building,m2,321.6428314030634
2025-12-04,Terrain leveling,Building,m3,3856.7426995932365
2025-10-13,Removing trees,Building,m2,4969.979591538924
2025-10-16,Subbase application,Road,m2,859.801571582921
2025-01-29,Rolling/Tractor,Road,m2,4788.203399441726
2025-03-10,Removing trees,Building,m2,2424.4915853678167
2025-08-11,Removing trees,Building,m2,4315.872130380251
2025-05-07,Coat preparation,Road,L,4433.610190429836
2025-10-19,Subbase application,Road,m2,365.82298194248796
2025-10-13,Walling,Building,m2,4321.765376074029
2025-06-05,Rolling/Tractor,Road,m2,1118.508093021201
2025-08-03,Subbase application,Road,m2,452.73226641393273
2025-08-25,Walling,Building,m2,4431.370137277007
2025-04-16,Terrain leveling,Building,m3,4793.817882305043
2025-01-26,Removing trees,Building,m2,3765.729827085382
2025-01-10,Pavement,Road,m2,204.18284118633667
2025-12-13,Pavement,Road,m2,1572.5862647971235
2025-08-12,Pavement,Road,m2,26.92724817782488
2025-02-13,Laying steel rail,Railway,m,251.57238157651807
2025-02-18,Ballast,Railway,m3,1585.1307933434894
2025-04-16,Subbase application,Road,m2,2682.4010736636733
2025-03-01,Anchorage,Railway,m2,2181.7246868974294
2025-12-25,Anchorage,Railway,m2,3963.163142929585
2025-05-03,Coat preparation,Road,L,3328.1820236677477
2025-11-19,Rolling/Tractor,Road,m2,4121.880523746591
2025-09-26,Removing trees,Building,m2,948.0582489122213
2025-09-09,Removing trees,Building,m2,4803.205448405137
2025-02-24,Removing trees,Building,m2,4973.279599327747
2025-11-09,Pavement,Road,m2,4986.930795922938
2025-06-16,Pavement,Road,m2,63.011759676377956
2025-01-24,Foundation pouring,Building,m3,3744.206610039646
2025-10-01,Laying steel rail,Railway,m,600.5955288384685
2025-06-09,Walling,Building,m2,3565.643612517248
2025-11-27,Iron mining,Railway,m3,871.3930951671106
2025-03-09,Ballast,Railway,m3,3446.744070785094
2025-05-28,Laying steel rail,Railway,m,2585.85753427178
2025-03-01,Foundation pouring,Building,m3,1343.6717940793508
2025-05-21,Iron mining,Railway,m3,4114.454183058448
2025-09-06,Pavement,Road,m2,3828.946439792822
2025-03-02,Subbase application,Road,m2,2855.375319635872
2025-11-01,Walling,Building,m2,4404.287709112742
2025-09-17,Cement making,Building,m3,707.7953068788834
2025-10-02,Anchorage,Railway,m2,4447.999288548762
2025-03-10,Anchorage,Railway,m2,3302.6008282278503
2025-02-17,Coat preparation,Road,L,2777.7780774459006
2025-06-09,Cement making,Building,m3,2313.3586406502254
2025-08-25,Foundation pouring,Building,m3,246.8657790117601
2025-08-24,Removing trees,Building,m2,4181.378668328306
2025-08-14,Laying steel rail,Railway,m,3221.593024252486
2025-08-16,Subbase application,Road,m2,3023.1051949512444
2025-12-11,Terrain leveling,Building,m3,3630.5502423853904
2025-10-21,Subbase application,Road,m2,4413.110603408849
2025-05-25,Iron mining,Railway,m3,58.16860268975654
2025-04-27,Anchorage,Railway,m2,4453.416224686394
2025-11-30,Foundation pouring,Building,m3,3966.1089141222583
2025-03-13,Walling,Building,m2,835.8805417482956
2025-07-08,Cement making,Building,m3,2061.6071053336686
2025-12-17,Pavement,Road,m2,2999.458971625627
2025-01-22,Removing trees,Building,m2,449.2519362270842
2025-01-25,Foundation pouring,Building,m3,4483.155550856166
2025-12-16,Removing trees,Building,m2,967.4000558378742
2025-07-31,Laying steel rail,Railway,m,4917.695991627849
2025-02-04,Foundation pouring,Building,m3,847.7569692484127
2025-06-02,Terrain leveling,Building,m3,1008.0001738592753
2025-03-18,Anchorage,Railway,m2,3981.1415601163735
2025-05-15,Laying steel rail,Railway,m,2292.4186305342155
2025-08-05,Pavement,Road,m2,1918.0527200085219
2025-09-28,Laying steel rail,Railway,m,4365.809256013563
2025-01-29,Rolling/Tractor,Road,m2,3682.6860743945545
2025-08-25,Iron mining,Railway,m3,798.6244731486686
2025-11-24,Terrain leveling,Building,m3,2296.2101960435316
2025-06-15,Cement making,Building,m3,2834.3867208915676
2025-02-12,Anchorage,Railway,m2,3961.4608741783886
2025-08-08,Subbase application,Road,m2,3498.7606069453186
2025-01-08,Rolling/Tractor,Road,m2,388.2142529791488
2025-07-26,Anchorage,Railway,m2,4384.768530619209
2025-07-22,Rolling/Tractor,Road,m2,76.65435192823533
2025-03-06,Anchorage,Railway,m2,3704.7928665942795
2025-11-06,Pavement,Road,m2,3226.7695874958704
2025-08-18,Laying steel rail,Railway,m,4319.505485642728
2025-08-26,Removing trees,Building,m2,4612.756524696684
2025-10-07,Ballast,Railway,m3,4199.7632752160525
2025-04-26,Foundation pouring,Building,m3,2423.0286635239863
2025-04-03,Foundation pouring,Building,m3,1967.1954761700206
2025-02-22,Ballast,Railway,m3,3996.4368114015538
2025-12-05,Iron mining,Railway,m3,4844.436925875122
2025-11-06,Removing trees,Building,m2,221.51228020822145
2025-08-16,Iron mining,Railway,m3,62.871655087633485
2025-08-14,Coat preparation,Road,L,2355.001697901503
2025-03-26,Rolling/Tractor,Road,m2,794.840064616269
2025-01-23,Pavement,Road,m2,2265.125330395639
2025-07-14,Ballast,Railway,m3,253.4271404259697
2025-08-22,Ballast,Railway,m3,829.6852954303401
2025-09-06,Subbase application,Road,m2,4225.433102270391
2025-06-30,Laying steel rail,Railway,m,3994.553887172346
2025-02-14,Foundation pouring,Building,m3,945.5724045940833
2025-08-17,Anchorage,Railway,m2,1008.7772423097313
2025-11-15,Anchorage,Railway,m2,3590.359256367067
2025-12-23,Ballast,Railway,m3,4642.462187578165
2025-04-14,Walling,Building,m2,4460.896870565897
2025-12-04,Coat preparation,Road,L,916.1084440333145
2025-10-02,Walling,Building,m2,1061.654205219712
2025-03-25,Walling,Building,m2,1537.791517732121
2025-04-07,Terrain leveling,Building,m3,4178.422636508659
2025-09-26,Pavement,Road,m2,979.6661394873469
2025-06-19,Foundation pouring,Building,m3,858.4969077816972
2025-04-14,Terrain leveling,Building,m3,2909.094536478937
2025-02-25,Rolling/Tractor,Road,m2,4029.610516657358
2025-02-05,Ballast,Railway,m3,613.1212767355754
2025-03-23,Removing trees,Building,m2,3725.5291384057364
2025-08-31,Iron mining,Railway,m3,4568.222452148635
2025-05-20,Cement making,Building,m3,2364.098149387943
2025-09-28,Rolling/Tractor,Road,m2,3469.80805577019
2025-03-22,Walling,Building,m2,830.9637800876912
2025-03-01,Laying steel rail,Railway,m,4766.8157833814175
2025-04-25,Coat preparation,Road,L,4826.521626304925
2025-04-08,Coat preparation,Road,L,1074.2027398057219
2025-12-10,Terrain leveling,Building,m3,3836.6494969177434
2025-09-27,Ballast,Railway,m3,2147.9302530572554
2025-10-03,Removing trees,Building,m2,1475.5889351895412
2025-09-27,Coat preparation,Road,L,400.20794118449885
2025-11-25,Pavement,Road,m2,1842.452976588333
2025-04-08,Walling,Building,m2,4063.7637191543367
2025-04-11,Rolling/Tractor,Road,m2,1936.1494919446336
2025-11-27,Coat preparation,Road,L,1048.5546353877467
2025-11-11,Cement making,Building,m3,326.2675435463402
2025-06-28,Coat preparation,Road,L,1597.8336910118273
2025-06-12,Removing trees,Building,m2,3903.317406526385
2025-12-02,Terrain leveling,Building,m3,1977.3935545048028
2025-01-12,Iron mining,Railway,m3,2088.6491304894034
2025-02-02,Laying steel rail,Railway,m,3416.08478474632
2025-10-20,Anchorage,Railway,m2,4814.78348384385
2025-08-27,Terrain leveling,Building,m3,1260.6552189036856
2025-04-24,Terrain leveling,Building,m3,567.5291323103282
2025-08-04,Anchorage,Railway,m2,3076.291346740212
2025-06-16,Rolling/Tractor,Road,m2,3973.2651081155336
2025-10-06,Laying steel rail,Railway,m,88.01390628676853
2025-12-20,Iron mining,Railway,m3,1713.6458863022324
2025-06-29,Subbase application,Road,m2,3648.752211888548
2025-06-01,Ballast,Railway,m3,2835.6178655503604
2025-12-08,Terrain leveling,Building,m3,4178.301738304926
2025-03-16,Iron mining,Railway,m3,1911.2850914374262
2025-01-14,Walling,Building,m2,4443.6560379605235
2025-09-12,Rolling/Tractor,Road,m2,4588.451038144307
2025-12-28,Iron mining,Railway,m3,1954.9740576061342
2025-02-05,Rolling/Tractor,Road,m2,1191.6121788728467
2025-11-30,Rolling/Tractor,Road,m2,2301.630892316434
2025-01-14,Iron mining,Railway,m3,502.1596680331975
2025-01-01,Foundation pouring,Building,m3,4227.73598385913
2025-06-02,Removing trees,Building,m2,3217.3250436818516
2025-06-27,Cement making,Building,m3,4283.872790199058
2025-08-03,Coat preparation,Road,L,4896.106065007559
2025-01-22,Foundation pouring,Building,m3,4738.699421181319
2025-03-13,Anchorage,Railway,m2,1217.5540912011534
2025-11-22,Rolling/Tractor,Road,m2,4696.881400412908
2025-10-02,Terrain leveling,Building,m3,2857.255346628026
2025-01-03,Ballast,Railway,m3,4764.444849623585
2025-09-15,Removing trees,Building,m2,2220.8769899359477
2025-04-04,Cement making,Building,m3,2204.2137171482877
2025-03-18,Laying steel rail,Railway,m,132.88697492084057
2025-12-14,Rolling/Tractor,Road,m2,3017.1224321605396
2025-10-28,Walling,Building,m2,572.0144714805897
2025-12-12,Subbase application,Road,m2,2313.799263586865
2025-09-30,Walling,Building,m2,2865.0781637302553
2025-06-01,Foundation pouring,Building,m3,4358.2325457422385
2025-11-25,Cement making,Building,m3,824.2177888588432
2025-11-27,Subbase application,Road,m2,1784.2441633052808
2025-05-11,Iron mining,Railway,m3,1050.4731084942487
2025-08-24,Removing trees,Building,m2,2327.986933172292
2025-05-18,Iron mining,Railway,m3,4674.553327978973
2025-01-21,Anchorage,Railway,m2,4467.1816445190425
2025-10-27,Anchorage,Railway,m2,3793.4210155203164
2025-10-12,Anchorage,Railway,m2,1201.1551588656544
2025-05-11,Terrain leveling,Building,m3,1653.2356605580562
2025-12-10,Walling,Building,m2,2795.1135116818195
2025-12-26,Ballast,Railway,m3,1573.8913941987898
2025-06-07,Rolling/Tractor,Road,m2,3207.0627311381018
2025-12-02,Coat preparation,Road,L,3790.854944734177
2025-03-01,Foundation pouring,Building,m3,535.3152571617975
2025-03-03,Laying steel rail,Railway,m,873.6380240216773
2025-08-08,Pavement,Road,m2,696.9134175201431
2025-10-20,Walling,Building,m2,468.79152342766463
2025-02-10,Rolling/Tractor,Road,m2,560.2640780039914
2025-10-04,Removing trees,Building,m2,4594.910836911999
2025-12-19,Ballast,Railway,m3,1405.86466461802
2025-03-13,Rolling/Tractor,Road,m2,1108.3035818453868
2025-07-03,Cement making,Building,m3,1233.680027557945
2025-03-26,Anchorage,Railway,m2,2765.578830465084
2025-01-04,Removing trees,Building,m2,2540.296930175631
2025-01-31,Subbase application,Road,m2,272.72077646669055
2025-03-09,Anchorage,Railway,m2,1578.6529470557653
2025-10-07,Foundation pouring,Building,m3,2052.8522322217495
2025-11-06,Pavement,Road,m2,1222.4699430393698
2025-04-04,Subbase application,Road,m2,2144.872175964528
2025-08-31,Foundation pouring,Building,m3,3680.4624331238315
2025-11-06,Rolling/Tractor,Road,m2,4604.859470053137
2025-04-11,Ballast,Railway,m3,4845.272735353395
2025-06-18,Laying steel rail,Railway,m,4198.319765731023
2025-05-27,Rolling/Tractor,Road,m2,781.5790177443116
2025-08-30,Ballast,Railway,m3,1705.15613907884
2025-12-03,Rolling/Tractor,Road,m2,129.0267927276201
2025-09-08,Cement making,Building,m3,3206.1681026899037
2025-09-02,Iron mining,Railway,m3,1249.9697159534378
2025-01-06,Ballast,Railway,m3,659.8135033283642
2025-07-14,Anchorage,Railway,m2,4130.313182409631
2025-06-19,Walling,Building,m2,525.1613412102374
2025-10-20,Rolling/Tractor,Road,m2,2044.2100752886884
2025-09-19,Laying steel rail,Railway,m,4240.052907073444
2025-10-03,Terrain leveling,Building,m3,4129.55007098794
2025-05-15,Removing trees,Building,m2,2855.479112615023
2025-07-09,Removing trees,Building,m2,460.04311336672987
2025-11-23,Pavement,Road,m2,875.4662784105399
2025-03-01,Cement making,Building,m3,1219.5563921179448
2025-06-06,Coat preparation,Road,L,4408.08251343685
2025-03-03,Rolling/Tractor,Road,m2,4822.903386455445
2025-07-25,Removing trees,Building,m2,633.6780516963253
2025-11-21,Cement making,Building,m3,4531.594536223428
2025-03-06,Cement making,Building,m3,1611.663390975956
2025-12-14,Coat preparation,Road,L,3389.559699384217
2025-01-27,Terrain leveling,Building,m3,1831.8784952508854
2025-08-29,Removing trees,Building,m2,4368.392266777064
2025-03-29,Pavement,Road,m2,2160.187982820013
2025-05-08,Removing trees,Building,m2,1039.4134068969745
2025-08-22,Laying steel rail,Railway,m,903.9778541941001
2025-11-16,Coat preparation,Road,L,3065.4028136959664
2025-03-01,Ballast,Railway,m3,1339.7283800192156
2025-06-03,Iron mining,Railway,m3,372.11900594707635
2025-01-01,Iron mining,Railway,m3,3894.1988541779665
2025-02-02,Rolling/Tractor,Road,m2,2172.069571393926
2025-12-01,Anchorage,Railway,m2,179.7144509092291
2025-02-22,Laying steel rail,Railway,m,2583.0805808038995
2025-08-05,Cement making,Building,m3,1663.748069597501
2025-03-02,Walling,Building,m2,3534.1193037092626
2025-01-28,Pavement,Road,m2,2048.940190618024
2025-06-02,Ballast,Railway,m3,3962.00710955576
2025-03-22,Subbase application,Road,m2,2581.774679344852
2025-04-22,Pavement,Road,m2,65.91597533427529
2025-01-26,Rolling/Tractor,Road,m2,1860.5971396472182
2025-01-16,Cement making,Building,m3,1052.0944121453801
2025-02-25,Iron mining,Railway,m3,1125.1491666687164
2025-05-04,Ballast,Railway,m3,4428.6650229103425
2025-03-24,Walling,Building,m2,63.30947160478328
2025-10-16,Terrain leveling,Building,m3,1418.5330482948305
2025-11-06,Removing trees,Building,m2,3433.6588464891042
2025-08-07,Cement making,Building,m3,475.765570162533
2025-04-17,Coat preparation,Road,L,2076.5850296923345
2025-06-13,Pavement,Road,m2,2604.925793537035
2025-03-29,Ballast,Railway,m3,1458.0433302796548
2025-05-04,Coat preparation,Road,L,3190.8665998929196
2025-02-15,Laying steel rail,Railway,m,2779.2960476353205
2025-08-16,Terrain leveling,Building,m3,4204.829547111786
2025-04-23,Removing trees,Building,m2,897.8608252810028
2025-06-26,Walling,Building,m2,2927.1886215365994
2025-02-13,Terrain leveling,Building,m3,78.7462811225742
2025-04-04,Rolling/Tractor,Road,m2,2043.020542664542
2025-04-28,Subbase application,Road,m2,4654.4947500691405
2025-07-31,Laying steel rail,Railway,m,4058.4343785460214
2025-05-06,Pavement,Road,m2,1475.576666683724
2025-09-27,Removing trees,Building,m2,4247.21347511117
2025-05-16,Rolling/Tractor,Road,m2,3021.684375249605
2025-09-04,Subbase application,Road,m2,1672.11512790003
2025-01-30,Ballast,Railway,m3,2896.208969244159
2025-11-10,Ballast,Railway,m3,1495.8496910961583
2025-04-14,Anchorage,Railway,m2,4301.779655236701
2025-02-24,Pavement,Road,m2,2675.3808759274043
2025-07-16,Laying steel rail,Railway,m,4889.719248317521
2025-01-31,Ballast,Railway,m3,2951.1993165833246
2025-12-19,Ballast,Railway,m3,4970.494229385296
2025-08-12,Foundation pouring,Building,m3,4641.447875159801
2025-11-26,Laying steel rail,Railway,m,2579.9804242089804
2025-12-24,Laying steel rail,Railway,m,329.40925772320327
2025-04-18,Removing trees,Building,m2,1916.2472095390126
2025-06-25,Laying steel rail,Railway,m,1901.4762244858064
2025-08-21,Cement making,Building,m3,2526.6081601165292
2025-05-16,Rolling/Tractor,Road,m2,220.25821105555787
2025-05-03,Laying steel rail,Railway,m,652.2579179400312
2025-12-25,Removing trees,Building,m2,3782.2578639437243
2025-01-16,Pavement,Road,m2,1879.6886307832594
2025-11-15,Pavement,Road,m2,4149.263375281094
2025-06-25,Laying steel rail,Railway,m,2740.3766460124793
2025-03-23,Removing trees,Building,m2,4504.332180687676
2025-07-17,Laying steel rail,Railway,m,2913.463131074162
2025-11-04,Rolling/Tractor,Road,m2,1973.418787064422
2025-06-10,Ballast,Railway,m3,2975.2041352013453
2025-02-14,Cement making,Building,m3,3088.1560477392877
2025-12-05,Pavement,Road,m2,4193.08990829428
2025-10-26,Rolling/Tractor,Road,m2,2019.224433512557
2025-05-19,Terrain leveling,Building,m3,2155.3741769267135
2025-02-23,Ballast,Railway,m3,4667.709951515018
2025-11-26,Walling,Building,m2,3266.296813632275
2025-01-10,Rolling/Tractor,Road,m2,907.8007430620349
2025-10-13,Cement making,Building,m3,4515.94361549682
2025-03-27,Subbase application,Road,m2,1881.4347427957061
2025-10-03,Subbase application,Road,m2,4878.187034902706
2025-12-22,Anchorage,Railway,m2,2266.764740724956
2025-06-11,Cement making,Building,m3,111.6530840885216
2025-04-25,Ballast,Railway,m3,1499.6440541893573
2025-11-01,Cement making,Building,m3,3282.6531189005846
2025-09-22,Iron mining,Railway,m3,1502.1771393848255
2025-01-01,Cement making,Building,m3,1625.3947035160388
2025-11-13,Ballast,Railway,m3,2155.5734304019356
2025-08-10,Subbase application,Road,m2,2267.7996147886493
2025-12-12,Anchorage,Railway,m2,3496.252510486595
2025-02-12,Coat preparation,Road,L,2229.5405622540725
2025-11-30,Terrain leveling,Building,m3,3973.9775723471544
2025-07-30,Removing trees,Building,m2,2025.4721190226987
2025-11-07,Iron mining,Railway,m3,1507.6577330550545
2025-11-02,Iron mining,Railway,m3,1249.8575362970648
2025-01-19,Anchorage,Railway,m2,36.70145560566107
2025-04-03,Iron mining,Railway,m3,2976.4331993318833
2025-09-12,Ballast,Railway,m3,3681.1061164203884
2025-03-29,Rolling/Tractor,Road,m2,2472.5552795624044
2025-06-07,Iron mining,Railway,m3,2988.9019553442567
2025-06-24,Ballast,Railway,m3,3112.9234549753
2025-08-18,Walling,Building,m2,3421.5879409860713
2025-06-30,Removing trees,Building,m2,994.5811453799374
2025-12-02,Ballast,Railway,m3,2672.612454744717
2025-12-21,Iron mining,Railway,m3,2339.2887746098518
2025-08-14,Anchorage,Railway,m2,1455.9610237145798
2025-10-18,Anchorage,Railway,m2,3545.6006061053477
2025-01-16,Anchorage,Railway,m2,2476.093408406358
2025-11-13,Pavement,Road,m2,4679.053037934122
2025-04-22,Walling,Building,m2,690.7569182016449
2025-04-30,Rolling/Tractor,Road,m2,4207.167657244543
2025-12-21,Ballast,Railway,m3,3107.923500143702
2025-03-03,Anchorage,Railway,m2,2073.2573009016337
2025-11-30,Iron mining,Railway,m3,4979.94255799795
2025-04-03,Rolling/Tractor,Road,m2,2420.4146060734865
2025-06-14,Anchorage,Railway,m2,2744.0437514217174
2025-08-22,Cement making,Building,m3,1820.0862863448674
2025-07-16,Removing trees,Building,m2,4640.008330811968
2025-06-16,Iron mining,Railway,m3,3108.155330085052
2025-02-02,Ballast,Railway,m3,1953.973310059487
2025-08-31,Pavement,Road,m2,3499.742890925359
2025-08-20,Cement making,Building,m3,4992.137988876612
2025-01-03,Foundation pouring,Building,m3,4640.622899433248
2025-07-25,Foundation pouring,Building,m3,489.1744040789481
2025-07-31,Ballast,Railway,m3,491.23220254497556
2025-12-17,Removing trees,Building,m2,4372.3474966211725
2025-10-09,Anchorage,Railway,m2,4246.126579442133
2025-12-21,Foundation pouring,Building,m3,912.0522514580781
2025-12-10,Cement making,Building,m3,919.1581576572482
2025-11-27,Iron mining,Railway,m3,4930.3626161488655
2025-09-21,Coat preparation,Road,L,2308.737835507611
2025-08-21,Cement making,Building,m3,1158.3313378932237
2025-10-30,Laying steel rail,Railway,m,3068.8314193156707
2025-08-12,Ballast,Railway,m3,3136.639404431527
2025-05-04,Coat preparation,Road,L,1804.6834385503041
2025-10-22,Ballast,Railway,m3,4458.560234592966
2025-09-17,Laying steel rail,Railway,m,976.9361007707316
2025-05-11,Walling,Building,m2,2234.312479178425
2025-07-24,Foundation pouring,Building,m3,1907.4454278026549
2025-11-19,Iron mining,Railway,m3,596.252819320458
2025-01-14,Iron mining,Railway,m3,2042.6921849340752
2025-04-12,Terrain leveling,Building,m3,908.9903535965976
2025-03-27,Anchorage,Railway,m2,538.6342589887145
2025-01-23,Rolling/Tractor,Road,m2,2250.682358493879
2025-07-24,Anchorage,Railway,m2,110.90157825608738
2025-08-28,Pavement,Road,m2,1204.1989362360493
2025-07-12,Anchorage,Railway,m2,4357.528074559514
2025-08-20,Rolling/Tractor,Road,m2,4161.603127889946
2025-12-16,Iron mining,Railway,m3,4553.457975898373
2025-11-28,Removing trees,Building,m2,4183.907762141433
2025-04-26,Rolling/Tractor,Road,m2,1366.7353268385534
2025-11-10,Iron mining,Railway,m3,1061.1803062341608
2025-08-07,Cement making,Building,m3,3419.845875442284
2025-09-12,Rolling/Tractor,Road,m2,4035.956653955714
2025-07-02,Anchorage,Railway,m2,964.7620184294498
2025-07-12,Terrain leveling,Building,m3,2745.168953685297
2025-09-20,Anchorage,Railway,m2,1739.8513391951399
2025-09-03,Walling,Building,m2,221.33107126655838
2025-06-20,Foundation pouring,Building,m3,3898.332503786966
2025-06-07,Cement making,Building,m3,1300.8900568908023
2025-04-26,Laying steel rail,Railway,m,4543.150062937569
2025-11-29,Removing trees,Building,m2,2904.121259543695
2025-09-08,Anchorage,Railway,m2,158.13701095807264
2025-05-16,Cement making,Building,m3,1373.8077465493482
2025-11-17,Anchorage,Railway,m2,3110.6360514070125
2025-04-07,Foundation pouring,Building,m3,4245.628555324196
2025-03-25,Anchorage,Railway,m2,1421.2440724361552
2025-05-11,Ballast,Railway,m3,4437.521715144096
2025-02-08,Laying steel rail,Railway,m,2391.2975637195555
2025-08-16,Cement making,Building,m3,2213.4686801744833
2025-06-29,Coat preparation,Road,L,1171.740450784775
2025-08-01,Cement making,Building,m3,2333.7462487119096
2025-01-22,Anchorage,Railway,m2,2406.1426808175474
2025-07-20,Removing trees,Building,m2,4342.652778818941
2025-12-25,Coat preparation,Road,L,128.23105009757862
2025-09-28,Pavement,Road,m2,3869.3534782941724
2025-02-10,Walling,Building,m2,1817.1234462835894
2025-07-09,Iron mining,Railway,m3,1390.510000773193
2025-02-05,Ballast,Railway,m3,2072.6487301247403
2025-06-04,Iron mining,Railway,m3,996.8195635502053
2025-10-18,Coat preparation,Road,L,2664.2011671804576
2025-10-02,Pavement,Road,m2,50.94902523359701
2025-01-27,Walling,Building,m2,609.3975286873027
2025-08-02,Cement making,Building,m3,3062.4151318594177
2025-06-08,Pavement,Road,m2,1567.6411248504635
2025-08-26,Coat preparation,Road,L,4835.937254632537
2025-03-29,Iron mining,Railway,m3,787.1720445002106
2025-05-11,Cement making,Building,m3,3783.246645247983
2025-11-03,Cement making,Building,m3,4455.322860353979
2025-08-15,Foundation pouring,Building,m3,1893.210892095612
2025-05-30,Ballast,Railway,m3,887.864436528898
2025-11-11,Subbase application,Road,m2,1009.7536523276091
2025-10-15,Subbase application,Road,m2,4106.2916366093805
2025-06-21,Walling,Building,m2,1909.111258602142
2025-12-16,Ballast,Railway,m3,4027.7939474251502
2025-04-27,Ballast,Railway,m3,3944.534908996046
2025-02-04,Iron mining,Railway,m3,2501.9786499526863
2025-05-05,Pavement,Road,m2,344.0747321286969
2025-08-16,Iron mining,Railway,m3,1526.0612540838058
2025-02-24,Coat preparation,Road,L,1321.3750788789525
2025-02-26,Walling,Building,m2,3145.459194482374
2025-11-12,Ballast,Railway,m3,1065.6874660918054
2025-05-07,Rolling/Tractor,Road,m2,273.1512717106488
2025-09-12,Walling,Building,m2,2100.1080211079266
2025-11-01,Terrain leveling,Building,m3,2146.8127587439794
2025-03-09,Anchorage,Railway,m2,3980.349630849588
2025-09-15,Foundation pouring,Building,m3,4579.979712714904
2025-10-13,Coat preparation,Road,L,2503.456760020885
2025-01-14,Terrain leveling,Building,m3,979.0970305460911
2025-03-28,Anchorage,Railway,m2,3519.473073041936
2025-06-23,Pavement,Road,m2,4203.396555911961
2025-04-14,Anchorage,Railway,m2,4711.250276498617
2025-01-30,Anchorage,Railway,m2,3384.6404338163993
2025-02-06,Removing trees,Building,m2,2809.7750102364407
2025-08-29,Foundation pouring,Building,m3,4428.7317360761135
2025-12-05,Iron mining,Railway,m3,3235.422758596419
2025-05-18,Ballast,Railway,m3,3955.305701228126
2025-12-10,Cement making,Building,m3,3049.607513053779
2025-03-04,Ballast,Railway,m3,1243.2881132967889
2025-07-15,Walling,Building,m2,4925.962107187814
2025-01-16,Walling,Building,m2,1423.0693690173025
2025-09-23,Removing trees,Building,m2,4024.398711779833
2025-10-02,Terrain leveling,Building,m3,4756.756808073782
2025-01-07,Laying steel rail,Railway,m,2703.4776759458773
2025-03-31,Coat preparation,Road,L,678.7099928292806
2025-11-05,Walling,Building,m2,4824.16311585845
2025-03-21,Anchorage,Railway,m2,2115.350664166681
2025-11-28,Anchorage,Railway,m2,1478.3201665284912
2025-02-24,Coat preparation,Road,L,3986.5917888354584
2025-08-07,Laying steel rail,Railway,m,3674.671932626696
2025-04-01,Cement making,Building,m3,2216.02203282105
2025-05-16,Anchorage,Railway,m2,2299.190672855424
2025-10-05,Anchorage,Railway,m2,3782.4761887070035
2025-08-23,Coat preparation,Road,L,2361.2566124541568
2025-02-21,Laying steel rail,Railway,m,3555.4505885769404
2025-02-01,Pavement,Road,m2,2575.934483912604
2025-02-06,Iron mining,Railway,m3,1828.988778112533
2025-06-12,Laying steel rail,Railway,m,4010.351968230105
2025-10-05,Ballast,Railway,m3,3545.5585431619297
2025-02-11,Iron mining,Railway,m3,1241.7252833483556
2025-01-02,Foundation pouring,Building,m3,2359.814532819785
2025-03-24,Ballast,Railway,m3,2998.7674042738777
2025-10-03,Coat preparation,Road,L,2593.1292790804837
2025-04-21,Coat preparation,Road,L,2959.098630599228
2025-10-26,Cement making,Building,m3,168.89084477968885
2025-11-29,Terrain leveling,Building,m3,2484.308650927498
2025-08-28,Subbase application,Road,m2,4175.6779329682195
2025-07-24,Ballast,Railway,m3,4932.307730275143
2025-10-12,Laying steel rail,Railway,m,3394.8098058077485
2025-05-08,Subbase application,Road,m2,3493.754881587686
2025-01-14,Laying steel rail,Railway,m,3049.039134828775
2025-04-03,Iron mining,Railway,m3,3565.2250561408155
2025-05-22,Coat preparation,Road,L,13.340509581303838
2025-02-10,Anchorage,Railway,m2,4665.327039735099
2025-01-19,Walling,Building,m2,2594.2129285795318
2025-09-21,Subbase application,Road,m2,1099.52796040077
2025-07-17,Rolling/Tractor,Road,m2,1782.4251835853406
2025-04-06,Walling,Building,m2,3622.670075202647
2025-01-03,Pavement,Road,m2,4151.82414928625
2025-02-14,Coat preparation,Road,L,4482.159636154817
2025-03-28,Cement making,Building,m3,4584.1976689794765
2025-09-28,Rolling/Tractor,Road,m2,4556.0002018714395
2025-05-18,Coat preparation,Road,L,1002.1254903018389
2025-08-28,Iron mining,Railway,m3,44.06644322149877
2025-10-13,Ballast,Railway,m3,4777.521214287181
2025-02-02,Foundation pouring,Building,m3,1903.4536658941665
2025-10-02,Foundation pouring,Building,m3,2426.7918308126386
2025-10-02,Pavement,Road,m2,3123.9700868608493
2025-04-03,Pavement,Road,m2,2312.2334879484224
2025-10-30,Rolling/Tractor,Road,m2,2061.806466690001
2025-08-23,Subbase application,Road,m2,4035.8263730702665
2025-09-24,Coat preparation,Road,L,1541.4415845089368
2025-10-04,Pavement,Road,m2,2962.7356423365086
2025-03-01,Subbase application,Road,m2,3810.6152258497646
2025-10-05,Pavement,Road,m2,4258.716508471539
2025-02-11,Rolling/Tractor,Road,m2,812.8001637151988
2025-07-12,Rolling/Tractor,Road,m2,4113.756213808531
2025-03-11,Rolling/Tractor,Road,m2,3607.4645082461375
2025-09-12,Subbase application,Road,m2,3583.550044996719
2025-02-09,Terrain leveling,Building,m3,2211.3705380432325
2025-05-03,Walling,Building,m2,1075.0655802011727
2025-07-24,Terrain leveling,Building,m3,4104.387541951415
2025-01-22,Removing trees,Building,m2,2781.1213211132044
2025-05-23,Foundation pouring,Building,m3,2200.3858269318466
2025-11-28,Iron mining,Railway,m3,3914.6121718647014
2025-03-18,Subbase application,Road,m2,3146.659780361529
2025-04-03,Removing trees,Building,m2,3973.128136091294
2025-12-11,Rolling/Tractor,Road,m2,3412.337633233922
2025-04-11,Terrain leveling,Building,m3,3280.9983899059393
2025-07-17,Subbase application,Road,m2,1145.048846267755
2025-01-08,Foundation pouring,Building,m3,3994.3796498950505
2025-07-15,Iron mining,Railway,m3,3212.824359899241
2025-08-12,Rolling/Tractor,Road,m2,2636.406265321287
2025-08-20,Anchorage,Railway,m2,2061.2359956874575
2025-06-05,Removing trees,Building,m2,3058.5062472006402
2025-03-11,Removing trees,Building,m2,969.9642824244343
2025-05-09,Terrain leveling,Building,m3,3740.032812118975
2025-09-02,Cement making,Building,m3,2313.507511387458
2025-10-05,Laying steel rail,Railway,m,3264.9824354710727
2025-01-11,Anchorage,Railway,m2,4452.192884052324
2025-07-04,Iron mining,Railway,m3,2109.7852029853725
2025-05-03,Coat preparation,Road,L,2695.9468490107784
2025-01-28,Coat preparation,Road,L,982.3460621064168
2025-11-15,Cement making,Building,m3,4297.773430738786
2025-01-04,Ballast,Railway,m3,4546.435326523874
2025-10-08,Anchorage,Railway,m2,909.2428927818502
2025-06-12,Removing trees,Building,m2,4608.312400784006
2025-02-01,Terrain leveling,Building,m3,3238.608113025808
2025-11-21,Rolling/Tractor,Road,m2,1629.627441954596
2025-04-11,Laying steel rail,Railway,m,1524.8591058535876
2025-03-04,Subbase application,Road,m2,4642.059269207651
2025-05-20,Pavement,Road,m2,3718.943269083244
2025-07-06,Removing trees,Building,m2,4389.075106687317
2025-01-24,Ballast,Railway,m3,1146.6954229648463
2025-12-06,Rolling/Tractor,Road,m2,1407.2717324501255
2025-10-13,Walling,Building,m2,3726.321964255945
2025-10-30,Walling,Building,m2,1116.9842981470074
2025-03-15,Terrain leveling,Building,m3,4195.503187933024
2025-12-15,Laying steel rail,Railway,m,2136.6134848437036
2025-01-19,Iron mining,Railway,m3,1047.643161402782
2025-10-18,Iron mining,Railway,m3,2519.1805042240812
2025-01-27,Laying steel rail,Railway,m,4121.20042194924
2025-08-20,Pavement,Road,m2,3469.104055405998
2025-09-05,Rolling/Tractor,Road,m2,777.4462492142209
2025-05-15,Ballast,Railway,m3,1102.6140884537394
2025-10-02,Rolling/Tractor,Road,m2,946.8637548896174
2025-09-25,Iron mining,Railway,m3,2721.457690510021
2025-01-14,Ballast,Railway,m3,4738.545798999938
2025-06-15,Ballast,Railway,m3,3865.863740977853
2025-03-03,Removing trees,Building,m2,3865.559362066783
2025-07-10,Iron mining,Railway,m3,1572.7574400716105
2025-11-18,Rolling/Tractor,Road,m2,4526.900948681498
2025-03-18,Cement making,Building,m3,996.9552847409918
2025-12-19,Rolling/Tractor,Road,m2,2147.3048864816014
2025-05-25,Rolling/Tractor,Road,m2,4048.9076367937123
2025-06-04,Removing trees,Building,m2,2163.1099858791354
2025-07-22,Coat preparation,Road,L,2389.2528324647424
2025-11-15,Ballast,Railway,m3,3868.341449776259
2025-07-19,Terrain leveling,Building,m3,1909.1299099985276
2025-10-09,Removing trees,Building,m2,3822.17955501635
2025-09-03,Rolling/Tractor,Road,m2,3361.3811767814445
2025-06-14,Foundation pouring,Building,m3,4948.522103883281
2025-02-17,Iron mining,Railway,m3,4721.337273417894
2025-11-12,Removing trees,Building,m2,2821.2260935202003
2025-04-09,Coat preparation,Road,L,1011.0790231727796
2025-03-30,Terrain leveling,Building,m3,675.0109389076225
2025-01-08,Cement making,Building,m3,4066.5416933130045
2025-09-21,Subbase application,Road,m2,2971.523566387432
2025-01-13,Anchorage,Railway,m2,3145.579602902926
2025-08-18,Foundation pouring,Building,m3,3301.6169146190587
2025-11-24,Laying steel rail,Railway,m,1434.5189306489503
2025-05-05,Foundation pouring,Building,m3,2546.8201909189756
2025-06-19,Laying steel rail,Railway,m,2712.56095488558
2025-12-08,Coat preparation,Road,L,2442.97121257415
2025-09-07,Anchorage,Railway,m2,2463.7792249484924
2025-07-23,Cement making,Building,m3,2484.1040480190723
2025-06-28,Anchorage,Railway,m2,2105.902294344105
2025-11-21,Iron mining,Railway,m3,4831.386231529922
2025-08-19,Cement making,Building,m3,1238.4559645227473
2025-10-06,Terrain leveling,Building,m3,16.008329505209918
2025-10-03,Coat preparation,Road,L,3639.4297135512134
2025-11-29,Terrain leveling,Building,m3,1571.6231716161587
2025-07-08,Terrain leveling,Building,m3,2383.0527960445784
2025-08-12,Iron mining,Railway,m3,735.7983593593265
2025-06-18,Iron mining,Railway,m3,4869.527429357937
2025-07-14,Foundation pouring,Building,m3,4314.920971946577
2025-03-06,Anchorage,Railway,m2,693.0519695013487
2025-07-23,Walling,Building,m2,3116.3973985575667
2025-09-09,Iron mining,Railway,m3,303.9392913728339
2025-09-11,Foundation pouring,Building,m3,1778.5279609798604
2025-06-28,Laying steel rail,Railway,m,3005.2133417945297
2025-08-10,Subbase application,Road,m2,4744.161266071264
2025-11-24,Walling,Building,m2,4359.277968648771
2025-10-08,Laying steel rail,Railway,m,4760.60726780023
2025-07-02,Subbase application,Road,m2,4945.960308269203
2025-06-02,Rolling/Tractor,Road,m2,3986.1225033569035
2025-12-29,Ballast,Railway,m3,4223.705156778898
2025-09-27,Rolling/Tractor,Road,m2,1242.770044525865
2025-10-24,Coat preparation,Road,L,1099.5701523597756
2025-09-17,Terrain leveling,Building,m3,4486.179914114158
2025-10-16,Rolling/Tractor,Road,m2,543.9420131399753
2025-04-21,Terrain leveling,Building,m3,3333.625077132933
2025-09-12,Ballast,Railway,m3,1009.9571309577526
2025-11-07,Ballast,Railway,m3,2781.219405113134
2025-02-27,Removing trees,Building,m2,3587.2152081791896
2025-05-20,Removing trees,Building,m2,4686.613975179284
2025-06-20,Walling,Building,m2,270.65563143285453
2025-06-30,Rolling/Tractor,Road,m2,1442.4093143650273
2025-02-21,Removing trees,Building,m2,2728.9356322424965
2025-02-16,Rolling/Tractor,Road,m2,624.0358023462395
2025-09-28,Anchorage,Railway,m2,767.1828628532346
2025-04-09,Pavement,Road,m2,1479.9207455610265
2025-09-04,Anchorage,Railway,m2,2785.857555050935
2025-04-09,Ballast,Railway,m3,3516.5471828785544
2025-12-08,Walling,Building,m2,1914.278924320057
2025-09-03,Removing trees,Building,m2,3301.0806835207363
2025-12-20,Anchorage,Railway,m2,1852.1554094496062
2025-08-16,Coat preparation,Road,L,3003.5552330191335
2025-02-01,Iron mining,Railway,m3,477.59417803664775
2025-09-03,Iron mining,Railway,m3,282.47485603057567
2025-10-27,Cement making,Building,m3,1902.307055328335
2025-05-27,Pavement,Road,m2,4394.805889778119
2025-07-12,Pavement,Road,m2,285.21264022724034
2025-10-26,Cement making,Building,m3,3005.7758997169385
2025-04-06,Pavement,Road,m2,499.86111617534635
2025-02-16,Cement making,Building,m3,4067.103306875248
2025-07-03,Walling,Building,m2,4818.971624275153
2025-04-03,Foundation pouring,Building,m3,415.0757621285894
2025-09-19,Subbase application,Road,m2,4495.116505503003
2025-02-02,Anchorage,Railway,m2,2862.4734576769515
2025-09-02,Removing trees,Building,m2,328.85728458776464
2025-06-16,Coat preparation,Road,L,1580.2644791704806
2025-10-10,Ballast,Railway,m3,4607.4351273625625
2025-06-05,Walling,Building,m2,2405.2267459600225
2025-11-06,Rolling/Tractor,Road,m2,4735.826443982906
2025-05-20,Cement making,Building,m3,3396.5026250435785
2025-01-13,Ballast,Railway,m3,3269.35422614414
2025-06-16,Foundation pouring,Building,m3,4885.248463392586
2025-01-19,Terrain leveling,Building,m3,3179.2259497354075
2025-03-12,Pavement,Road,m2,414.09219720933146
2025-03-17,Anchorage,Railway,m2,2059.8605171470754
2025-01-03,Laying steel rail,Railway,m,4203.485204791041
2025-07-20,Ballast,Railway,m3,4624.549484143525
2025-11-18,Subbase application,Road,m2,3076.0595775434917
2025-09-12,Cement making,Building,m3,4473.1337529814045
2025-05-21,Laying steel rail,Railway,m,442.9745265145374
2025-07-13,Coat preparation,Road,L,475.59391701409106
2025-11-02,Terrain leveling,Building,m3,4942.521000999205
2025-02-27,Walling,Building,m2,4656.76217567679
2025-11-30,Iron mining,Railway,m3,414.89851491123443
2025-01-04,Foundation pouring,Building,m3,632.1468948521547
2025-07-14,Ballast,Railway,m3,3001.4108801700013
2025-05-14,Removing trees,Building,m2,3109.8775625238263
2025-11-29,Iron mining,Railway,m3,4534.026763818095
2025-03-02,Laying steel rail,Railway,m,4900.156277420835
2025-08-26,Subbase application,Road,m2,2904.4078844677397
2025-10-15,Removing trees,Building,m2,1156.8544872471248
2025-08-05,Laying steel rail,Railway,m,4501.544880297225
2025-05-03,Terrain leveling,Building,m3,3095.9059191512906
2025-02-25,Rolling/Tractor,Road,m2,2924.9044791143647
2025-07-13,Terrain leveling,Building,m3,2306.1600580699933
2025-07-15,Subbase application,Road,m2,2215.647006531079
2025-09-30,Pavement,Road,m2,589.0376650802248
2025-02-17,Ballast,Railway,m3,1611.6215904244152
2025-03-29,Anchorage,Railway,m2,366.6403951392877
2025-01-08,Ballast,Railway,m3,2991.407198270539
2025-12-24,Iron mining,Railway,m3,2401.3346915073525
2025-10-05,Cement making,Building,m3,4506.978705014051
2025-07-19,Walling,Building,m2,1424.9721548647815
2025-12-13,Subbase application,Road,m2,551.3228409990517
2025-10-09,Iron mining,Railway,m3,3318.997918451952
2025-01-14,Anchorage,Railway,m2,4913.587529839014
2025-02-03,Terrain leveling,Building,m3,4488.203195401519
2025-01-09,Laying steel rail,Railway,m,2346.5588132272214
2025-03-13,Terrain leveling,Building,m3,3785.7195338666706
2025-09-18,Foundation pouring,Building,m3,2525.244635361606
2025-12-15,Pavement,Road,m2,3764.252951028183
2025-02-28,Rolling/Tractor,Road,m2,1586.3042108164132
2025-09-06,Pavement,Road,m2,1622.1773537878048
2025-07-24,Subbase application,Road,m2,1790.5562442510159
2025-06-29,Laying steel rail,Railway,m,4190.937486834658
2025-09-03,Coat preparation,Road,L,1888.7834563948547
2025-06-05,Coat preparation,Road,L,2864.6438529024153
2025-09-07,Pavement,Road,m2,4147.838524488821
2025-11-15,Coat preparation,Road,L,930.5301152063422
2025-12-10,Anchorage,Railway,m2,1722.3505175533915
2025-10-11,Iron mining,Railway,m3,1231.2249069461052
2025-10-12,Rolling/Tractor,Road,m2,4759.188744252048
2025-10-06,Foundation pouring,Building,m3,3122.061848767932
2025-01-04,Anchorage,Railway,m2,3778.7235474060526
2025-02-06,Subbase application,Road,m2,4908.812015632408
2025-12-11,Removing trees,Building,m2,79.63887272735116
2025-04-25,Removing trees,Building,m2,2227.515259881327
2025-03-14,Anchorage,Railway,m2,4112.802963974745
2025-03-29,Laying steel rail,Railway,m,1507.1539084141577
2025-11-14,Terrain leveling,Building,m3,2524.052224621573
2025-07-14,Rolling/Tractor,Road,m2,820.7560603547558
2025-07-14,Laying steel rail,Railway,m,2294.648965941331
2025-05-02,Pavement,Road,m2,2148.5224187780486
2025-05-31,Cement making,Building,m3,2639.9394467178868
2025-09-14,Subbase application,Road,m2,3649.4953724961883
2025-08-03,Anchorage,Railway,m2,1949.0742200634159
2025-01-15,Foundation pouring,Building,m3,3752.2681888531683
2025-09-03,Laying steel rail,Railway,m,2558.6207184036984
2025-09-30,Iron mining,Railway,m3,4250.768822988605
2025-04-24,Pavement,Road,m2,906.9430396807121
2025-07-17,Terrain leveling,Building,m3,4633.13301728561
2025-04-03,Removing trees,Building,m2,2080.175243907728
2025-01-25,Coat preparation,Road,L,2319.3660890441033
2025-07-02,Rolling/Tractor,Road,m2,1759.651906631393
2025-10-02,Cement making,Building,m3,2560.5032427632937
2025-08-08,Rolling/Tractor,Road,m2,549.3730356653153
2025-02-17,Removing trees,Building,m2,4416.337272199724
2025-07-09,Iron mining,Railway,m3,1894.3951373550672
2025-01-13,Iron mining,Railway,m3,1422.8633411155922
2025-02-09,Pavement,Road,m2,3700.2922289211265
2025-06-10,Iron mining,Railway,m3,3461.149782176208
2025-04-25,Anchorage,Railway,m2,2092.7067474852233
2025-07-19,Removing trees,Building,m2,2607.5246632955364
2025-01-11,Cement making,Building,m3,4886.584076592478
2025-11-22,Iron mining,Railway,m3,776.2642033798322
2025-10-16,Anchorage,Railway,m2,4498.398513034591
2025-12-28,Laying steel rail,Railway,m,140.27675000914786
2025-03-30,Iron mining,Railway,m3,4572.356381979019
2025-08-31,Pavement,Road,m2,3246.8419760498273
2025-05-26,Anchorage,Railway,m2,4203.400879100051
2025-10-29,Terrain leveling,Building,m3,4532.930177682981
2025-07-18,Walling,Building,m2,635.3998902613516
2025-10-27,Rolling/Tractor,Road,m2,2420.9950055007544
2025-10-08,Anchorage,Railway,m2,3861.1426041809023
2025-07-05,Laying steel rail,Railway,m,4158.786471049524
2025-02-11,Rolling/Tractor,Road,m2,4929.995457502834
2025-07-31,Removing trees,Building,m2,2107.430214811704
2025-06-02,Laying steel rail,Railway,m,2616.989813725738
2025-05-03,Anchorage,Railway,m2,4816.89604345486
2025-10-27,Rolling/Tractor,Road,m2,3670.7933510516277
2025-12-27,Pavement,Road,m2,1227.5395193689687
2025-08-11,Laying steel rail,Railway,m,4243.897721795012
2025-06-25,Terrain leveling,Building,m3,2955.5295040036535
2025-03-15,Pavement,Road,m2,532.266273617073
2025-03-01,Cement making,Building,m3,4347.929455731484
2025-10-18,Iron mining,Railway,m3,4688.811346957662
2025-09-04,Terrain leveling,Building,m3,803.6140231472527
2025-12-01,Removing trees,Building,m2,1909.993170971606
2025-09-27,Walling,Building,m2,3457.0813733755467
2025-06-16,Iron mining,Railway,m3,1271.48219200442
2025-08-05,Anchorage,Railway,m2,2405.951678491531
2025-02-20,Removing trees,Building,m2,3560.542905089208
2025-04-20,Pavement,Road,m2,1156.276661016834
2025-06-24,Anchorage,Railway,m2,4532.2553154776815
2025-08-03,Foundation pouring,Building,m3,3273.860778008072
2025-04-10,Iron mining,Railway,m3,1825.9786122615856
2025-09-19,Ballast,Railway,m3,2510.1191564667192
2025-01-18,Removing trees,Building,m2,4199.007838511908
2025-09-27,Subbase application,Road,m2,3047.448357750432
2025-05-18,Terrain leveling,Building,m3,857.0180416280438
2025-02-12,Pavement,Road,m2,345.9294416364167
2025-04-12,Pavement,Road,m2,2935.808650837866
2025-05-28,Walling,Building,m2,219.0452651108027
2025-09-22,Anchorage,Railway,m2,4675.636306582162
2025-01-22,Ballast,Railway,m3,1803.9835831693563
2025-12-29,Cement making,Building,m3,446.9974787808917
2025-06-24,Anchorage,Railway,m2,589.4033652364589
2025-01-13,Foundation pouring,Building,m3,4563.412101768138
2025-01-24,Ballast,Railway,m3,2422.0121349872593
2025-07-05,Coat preparation,Road,L,1140.267735094409
2025-07-05,Anchorage,Railway,m2,1719.0760156275587
2025-05-03,Pavement,Road,m2,3126.170017785051
2025-01-04,Removing trees,Building,m2,2987.572812475336
2025-06-17,Walling,Building,m2,900.9670823773441
2025-06-27,Cement making,Building,m3,4196.971560153035
2025-08-04,Iron mining,Railway,m3,1468.483593607216
2025-04-09,Cement making,Building,m3,3810.8523443404856
2025-09-02,Coat preparation,Road,L,2597.2147765914206
2025-10-15,Anchorage,Railway,m2,2076.393468893967
2025-10-14,Coat preparation,Road,L,213.35994083754528
2025-08-15,Anchorage,Railway,m2,958.152049822929
2025-02-17,Removing trees,Building,m2,721.5677172063467
2025-02-02,Iron mining,Railway,m3,4325.94648330886
2025-08-10,Cement making,Building,m3,3622.9343813015976
2025-10-03,Pavement,Road,m2,4342.753445317425
2025-05-10,Terrain leveling,Building,m3,3079.8479392749346
2025-05-13,Walling,Building,m2,1608.5109163970974
2025-09-02,Foundation pouring,Building,m3,3815.2626346685474
2025-04-17,Removing trees,Building,m2,3395.0589606798394
2025-11-12,Terrain leveling,Building,m3,1661.3794477755605
2025-04-09,Walling,Building,m2,3136.059579729106
2025-08-27,Iron mining,Railway,m3,4030.3039073801265
2025-07-22,Ballast,Railway,m3,2327.8446344668514
2025-09-02,Pavement,Road,m2,767.2631731826107
2025-01-11,Rolling/Tractor,Road,m2,1751.406510857022
2025-12-23,Laying steel rail,Railway,m,1074.9478462311652
2025-03-24,Foundation pouring,Building,m3,3775.1598701260295
2025-05-15,Removing trees,Building,m2,3134.4529445230264
2025-10-22,Laying steel rail,Railway,m,1760.0527546985256
2025-01-13,Subbase application,Road,m2,2472.4456945054862
2025-11-19,Walling,Building,m2,1814.8536899192336
2025-11-14,Rolling/Tractor,Road,m2,4173.278112788834
2025-04-17,Removing trees,Building,m2,3376.1120179486966
2025-07-10,Iron mining,Railway,m3,3455.863286296902
2025-03-09,Walling,Building,m2,3084.900176839019
2025-08-29,Subbase application,Road,m2,534.6901115248043
2025-06-05,Cement making,Building,m3,4955.8681992099155
2025-02-12,Walling,Building,m2,2778.1806610311323
2025-11-01,Laying steel rail,Railway,m,2872.64629161584
2025-12-10,Pavement,Road,m2,2040.8940909526325
2025-12-05,Ballast,Railway,m3,4470.840728581841
2025-03-04,Walling,Building,m2,4363.424024058363
2025-01-21,Foundation pouring,Building,m3,1693.7929500514092
2025-05-09,Anchorage,Railway,m2,549.1599759076088
2025-01-21,Iron mining,Railway,m3,4919.300035464347
2025-04-14,Walling,Building,m2,4093.7193446369242
2025-04-15,Foundation pouring,Building,m3,1984.3747241556807
2025-05-06,Rolling/Tractor,Road,m2,573.4883860345547
2025-04-28,Removing trees,Building,m2,4590.998607410687
2025-01-29,Terrain leveling,Building,m3,2516.4176728142224
2025-01-29,Laying steel rail,Railway,m,4104.1890261246135
2025-12-07,Walling,Building,m2,4462.44163056969
2025-08-25,Walling,Building,m2,2284.4516066379106
2025-10-21,Cement making,Building,m3,4963.4493192781365
2025-12-16,Walling,Building,m2,894.0802940458808
2025-03-20,Coat preparation,Road,L,4623.831595089938
2025-02-20,Subbase application,Road,m2,4729.422846377703
2025-05-03,Rolling/Tractor,Road,m2,501.8210279849827
2025-10-19,Coat preparation,Road,L,542.1723870440337
2025-07-21,Coat preparation,Road,L,1698.0892441893081
2025-03-06,Rolling/Tractor,Road,m2,3589.340763640072
2025-03-09,Rolling/Tractor,Road,m2,279.6791919257674
2025-11-15,Pavement,Road,m2,3495.592992203616
2025-08-22,Cement making,Building,m3,712.023778073732
2025-02-02,Rolling/Tractor,Road,m2,2509.190595111565
2025-09-16,Foundation pouring,Building,m3,4196.62003753844
2025-02-14,Walling,Building,m2,604.4255903428631
2025-12-24,Pavement,Road,m2,2093.3120849640636
2025-08-15,Walling,Building,m2,733.9983514358322
2025-09-23,Terrain leveling,Building,m3,2409.933713446379
2025-08-02,Rolling/Tractor,Road,m2,1603.5726217364966
2025-11-21,Terrain leveling,Building,m3,993.441844525611
2025-10-04,Foundation pouring,Building,m3,3851.3428938002635
2025-05-13,Anchorage,Railway,m2,4990.2293248669275
2025-11-28,Walling,Building,m2,425.9069838501145
2025-11-14,Removing trees,Building,m2,1652.9637897494465
2025-03-25,Subbase application,Road,m2,4208.403178979356
2025-06-28,Walling,Building,m2,4060.3948546193806
2025-12-09,Rolling/Tractor,Road,m2,1696.534512067601
2025-08-28,Cement making,Building,m3,3547.7937275685936
2025-10-23,Cement making,Building,m3,3519.866617612493
2025-09-27,Laying steel rail,Railway,m,2991.102585401698
2025-02-21,Terrain leveling,Building,m3,1083.186076644873
2025-05-11,Anchorage,Railway,m2,2778.934309327615
2025-04-11,Terrain leveling,Building,m3,3117.5970734564185
2025-09-22,Iron mining,Railway,m3,1684.0808111896754
2025-04-24,Rolling/Tractor,Road,m2,971.7037786617233
2025-09-09,Coat preparation,Road,L,610.3721519660327
2025-01-11,Subbase application,Road,m2,3196.2783779540428
2025-01-24,Laying steel rail,Railway,m,651.1286241433079
2025-07-05,Removing trees,Building,m2,2198.2780918072053
2025-08-16,Anchorage,Railway,m2,1221.0384261986485
2025-02-02,Terrain leveling,Building,m3,1281.3234891478642
2025-07-22,Laying steel rail,Railway,m,4492.35790071228
2025-06-19,Laying steel rail,Railway,m,2301.542404259027
2025-06-25,Cement making,Building,m3,2616.6014921605274
2025-12-23,Foundation pouring,Building,m3,1986.1543444723334
2025-01-22,Terrain leveling,Building,m3,2491.4075218901203
2025-12-08,Terrain leveling,Building,m3,957.823364542581
2025-02-15,Pavement,Road,m2,3245.4954304652592
2025-02-22,Ballast,Railway,m3,4935.534426451418
2025-07-02,Rolling/Tractor,Road,m2,378.37839542104126
2025-07-26,Subbase application,Road,m2,3931.7917225152564
2025-09-24,Iron mining,Railway,m3,2180.971979902834
2025-05-18,Anchorage,Railway,m2,509.9495233138751
2025-11-08,Rolling/Tractor,Road,m2,2862.9992759050942
2025-06-29,Ballast,Railway,m3,3012.454809191514
2025-05-21,Cement making,Building,m3,2767.0912052471176
2025-05-28,Pavement,Road,m2,3813.1084235688763
2025-01-19,Foundation pouring,Building,m3,1311.0389186019306
2025-12-22,Foundation pouring,Building,m3,1010.8753622656702
2025-11-03,Iron mining,Railway,m3,3381.4555397052936
2025-03-29,Coat preparation,Road,L,980.4507908239218
2025-04-01,Foundation pouring,Building,m3,4926.239440055871
2025-07-17,Cement making,Building,m3,2971.197218803219
2025-09-19,Coat preparation,Road,L,4441.119803140252
2025-04-18,Laying steel rail,Railway,m,3631.123743096682
2025-06-06,Walling,Building,m2,2008.0520389210903
2025-10-22,Coat preparation,Road,L,2290.5055685879643
2025-09-04,Terrain leveling,Building,m3,2970.4947922659408
2025-07-19,Walling,Building,m2,1919.2059888472945
2025-08-30,Ballast,Railway,m3,282.2157865489683
2025-04-09,Iron mining,Railway,m3,3455.7412110030637
2025-03-24,Removing trees,Building,m2,4961.195280869955
2025-11-27,Removing trees,Building,m2,4262.030372843668
2025-04-02,Subbase application,Road,m2,1946.726099970067
2025-06-15,Cement making,Building,m3,1587.3369530529735
2025-04-13,Iron mining,Railway,m3,1383.6625215829386
2025-01-11,Foundation pouring,Building,m3,2414.275206211904
2025-08-15,Removing trees,Building,m2,4939.999135935691
2025-10-24,Walling,Building,m2,2929.437558236468
2025-11-28,Ballast,Railway,m3,1059.030314859119
2025-05-21,Pavement,Road,m2,4116.065298390107
2025-09-13,Walling,Building,m2,2021.0452861790395
2025-06-30,Coat preparation,Road,L,4845.511148131964
2025-05-08,Removing trees,Building,m2,2667.0810969958497
2025-02-17,Cement making,Building,m3,2071.645025184918
2025-06-23,Laying steel rail,Railway,m,3553.2219677286134
2025-08-28,Coat preparation,Road,L,3765.8537847964562
2025-10-24,Terrain leveling,Building,m3,3952.2724766191136
2025-07-24,Walling,Building,m2,2512.253139342822
2025-06-02,Removing trees,Building,m2,3403.6457446714508
2025-09-28,Subbase application,Road,m2,4889.9366044138205
2025-08-07,Cement making,Building,m3,3694.70030071339
2025-06-09,Ballast,Railway,m3,4062.6525652882574
2025-09-15,Foundation pouring,Building,m3,109.59933666366773
2025-01-10,Subbase application,Road,m2,3271.737762889138
2025-06-10,Walling,Building,m2,1236.4939083741915
2025-04-18,Coat preparation,Road,L,3065.3377616404964
2025-04-12,Foundation pouring,Building,m3,2421.279503440523
2025-04-30,Laying steel rail,Railway,m,2210.1472663712607
2025-05-15,Removing trees,Building,m2,4296.52279129383
2025-01-29,Laying steel rail,Railway,m,4919.760438539498
2025-02-16,Walling,Building,m2,4506.9857441996
2025-06-15,Coat preparation,Road,L,1629.2314194901169
2025-12-06,Terrain leveling,Building,m3,3467.4280717942547
2025-01-28,Laying steel rail,Railway,m,2365.9881127039316
2025-09-10,Anchorage,Railway,m2,1502.3623406971908
2025-01-10,Terrain leveling,Building,m3,1364.582316419714
2025-01-23,Terrain leveling,Building,m3,1168.8739027512725
2025-10-10,Foundation pouring,Building,m3,983.0280701474497
2025-09-03,Cement making,Building,m3,699.5604413801549
2025-10-12,Walling,Building,m2,1972.1795470164193
2025-10-01,Subbase application,Road,m2,3929.545920232784
2025-11-10,Cement making,Building,m3,4481.620427265401
2025-02-27,Anchorage,Railway,m2,2505.1959674125305
2025-04-25,Walling,Building,m2,3845.133740493144
2025-04-15,Cement making,Building,m3,4687.808921308773
2025-09-20,Removing trees,Building,m2,2649.6228456613767
2025-09-30,Laying steel rail,Railway,m,3347.7370105720265
2025-02-28,Walling,Building,m2,4061.375600221155
2025-10-25,Removing trees,Building,m2,1337.06684372541
2025-03-25,Anchorage,Railway,m2,3055.1833661802257
2025-02-12,Cement making,Building,m3,4985.462056261622
2025-10-23,Walling,Building,m2,4491.80289905207
2025-10-28,Foundation pouring,Building,m3,3996.7509259399494
2025-05-12,Terrain leveling,Building,m3,3828.713595623799
2025-03-14,Walling,Building,m2,1155.3887708813709
2025-11-30,Anchorage,Railway,m2,4273.589733105815
2025-05-10,Laying steel rail,Railway,m,1463.4969979162443
2025-03-25,Iron mining,Railway,m3,4029.2474537437533
2025-06-16,Terrain leveling,Building,m3,3211.578814268052
2025-02-02,Terrain leveling,Building,m3,4797.310286297756
2025-09-20,Pavement,Road,m2,1989.4528935135836
2025-09-23,Foundation pouring,Building,m3,254.09185312968873
2025-06-06,Ballast,Railway,m3,1327.985668497394
2025-05-09,Coat preparation,Road,L,869.2224111206392
2025-12-03,Foundation pouring,Building,m3,4945.789881879709
2025-08-09,Anchorage,Railway,m2,3272.7430288839796
2025-02-27,Subbase application,Road,m2,1986.5156579521354
2025-12-27,Pavement,Road,m2,2691.5037220742547
2025-03-02,Iron mining,Railway,m3,3059.379427109949
2025-01-17,Rolling/Tractor,Road,m2,1556.8643266645909
2025-04-10,Coat preparation,Road,L,835.2349790767727
2025-10-03,Pavement,Road,m2,4753.426952549903
2025-05-08,Walling,Building,m2,4759.221217211449
2025-04-07,Subbase application,Road,m2,4637.692583354255
2025-11-01,Cement making,Building,m3,2584.659035214953
2025-01-10,Coat preparation,Road,L,4645.406737793579
2025-12-28,Coat preparation,Road,L,2736.5997594137066
2025-07-20,Cement making,Building,m3,3250.5585591044874
2025-07-17,Pavement,Road,m2,1411.8209246238944
2025-04-03,Pavement,Road,m2,2195.5454891925474
2025-07-23,Laying steel rail,Railway,m,3109.0737011611964
2025-02-08,Ballast,Railway,m3,223.27756722407443
2025-05-14,Ballast,Railway,m3,1362.3233508864507
2025-05-18,Coat preparation,Road,L,2184.7521400953606
2025-11-28,Cement making,Building,m3,4583.286979970158
2025-12-11,Anchorage,Railway,m2,1030.9882327350817
2025-06-14,Removing trees,Building,m2,1479.834898681292
2025-04-22,Subbase application,Road,m2,2221.700917924045
2025-07-13,Ballast,Railway,m3,3735.2245429979776
2025-08-10,Coat preparation,Road,L,874.5862425975758
2025-09-10,Terrain leveling,Building,m3,4850.50030094003
2025-08-20,Walling,Building,m2,1152.8444879801352
2025-10-15,Terrain leveling,Building,m3,968.9167400845428
2025-10-28,Subbase application,Road,m2,1043.2197558972068
2025-04-18,Rolling/Tractor,Road,m2,4426.4927061368935
2025-11-26,Laying steel rail,Railway,m,2645.3902645724943
2025-11-11,Ballast,Railway,m3,1875.7293074708398
2025-11-06,Coat preparation,Road,L,1193.3859068602737
2025-07-19,Terrain leveling,Building,m3,1388.4414291186254
2025-04-29,Iron mining,Railway,m3,3312.5944182179533
2025-09-02,Walling,Building,m2,596.2601978866367
2025-12-08,Coat preparation,Road,L,1017.9849892411913
2025-01-23,Laying steel rail,Railway,m,3920.730325197931
2025-11-04,Iron mining,Railway,m3,4950.921845430329
2025-08-29,Rolling/Tractor,Road,m2,385.4959058780588
2025-10-12,Terrain leveling,Building,m3,4588.262005817238
2025-09-18,Rolling/Tractor,Road,m2,606.6657581114954
2025-10-03,Terrain leveling,Building,m3,1127.5694860940132
2025-04-19,Subbase application,Road,m2,1899.2630044771347
2025-04-16,Subbase application,Road,m2,3429.883423577524
2025-12-06,Rolling/Tractor,Road,m2,3202.273144974922
2025-07-23,Foundation pouring,Building,m3,4494.540045959796
2025-09-24,Iron mining,Railway,m3,1756.143562459641
2025-12-05,Cement making,Building,m3,141.4690598980961
2025-01-09,Coat preparation,Road,L,3317.9890599131645
2025-11-13,Subbase application,Road,m2,2811.904568051741
2025-04-18,Foundation pouring,Building,m3,2683.906397529677
2025-04-21,Iron mining,Railway,m3,3079.7175869724706
2025-10-18,Pavement,Road,m2,1526.772086123609
2025-06-13,Cement making,Building,m3,3738.0824489464735
2025-05-09,Pavement,Road,m2,2033.1382496931576
2025-12-05,Walling,Building,m2,4319.836557091383
2025-03-24,Foundation pouring,Building,m3,625.1654626637421
2025-01-08,Iron mining,Railway,m3,988.9162325246897
2025-05-13,Coat preparation,Road,L,2633.1420170004826
2025-08-09,Laying steel rail,Railway,m,2753.305551869525
2025-03-10,Foundation pouring,Building,m3,2200.6002541366724
2025-09-07,Rolling/Tractor,Road,m2,2480.012125830624
2025-01-16,Terrain leveling,Building,m3,3876.3012455999947
2025-06-24,Coat preparation,Road,L,1807.074102484288
2025-06-12,Rolling/Tractor,Road,m2,2303.737399808512
2025-11-25,Cement making,Building,m3,4548.263715735741
2025-01-30,Coat preparation,Road,L,1546.995801514292
2025-02-25,Anchorage,Railway,m2,1859.114282632438
2025-05-07,Walling,Building,m2,2888.9038680092367
2025-11-17,Coat preparation,Road,L,298.6694136887019
2025-02-02,Removing trees,Building,m2,2259.7815988368848
2025-08-21,Laying steel rail,Railway,m,984.819015323225
2025-11-07,Ballast,Railway,m3,768.6863497624652
2025-02-05,Removing trees,Building,m2,4541.502585135627
2025-02-26,Laying steel rail,Railway,m,2438.9343309650303
2025-09-21,Coat preparation,Road,L,4197.057731543628
2025-05-06,Ballast,Railway,m3,130.5021196983447
2025-02-28,Subbase application,Road,m2,2672.5863268709354
2025-10-27,Pavement,Road,m2,2557.5886703920783
2025-08-11,Iron mining,Railway,m3,839.7703281951412
2025-09-16,Anchorage,Railway,m2,3183.4790680660585
2025-11-13,Walling,Building,m2,1205.8710823031365
2025-04-06,Foundation pouring,Building,m3,4859.5858819089435
2025-01-27,Cement making,Building,m3,2260.8024923311186
2025-05-10,Rolling/Tractor,Road,m2,1243.2275091791705
2025-06-13,Rolling/Tractor,Road,m2,3492.7078885144124
2025-11-10,Cement making,Building,m3,2010.7770650300315
2025-05-11,Iron mining,Railway,m3,2324.253012544344
2025-01-10,Subbase application,Road,m2,520.1020954940055
2025-04-02,Pavement,Road,m2,456.1569043596625
2025-10-22,Terrain leveling,Building,m3,68.91257877375156
2025-03-07,Walling,Building,m2,1725.9266701442639
2025-07-29,Laying steel rail,Railway,m,3053.3032849219844
2025-02-12,Laying steel rail,Railway,m,2931.364164236937
2025-10-08,Walling,Building,m2,1822.3782214059224
2025-09-19,Cement making,Building,m3,3447.555900837026
2025-05-21,Subbase application,Road,m2,3628.679504873693
2025-07-12,Pavement,Road,m2,4434.485868583666
2025-03-24,Pavement,Road,m2,927.9254231738404
2025-06-17,Pavement,Road,m2,1026.2732496823796
2025-06-03,Ballast,Railway,m3,3132.349124810707
2025-03-20,Foundation pouring,Building,m3,882.8360538852792
2025-12-12,Foundation pouring,Building,m3,3376.1722778454773
2025-12-01,Iron mining,Railway,m3,3625.3883589340635
2025-10-02,Pavement,Road,m2,2625.265664246658
2025-08-25,Walling,Building,m2,1957.8756371706502
2025-08-16,Foundation pouring,Building,m3,631.036460939568
2025-11-08,Ballast,Railway,m3,2170.844328201696
2025-11-29,Rolling/Tractor,Road,m2,475.61112853354126
2025-12-12,Pavement,Road,m2,2440.359480459859
2025-08-21,Cement making,Building,m3,3325.394370952703
2025-08-02,Terrain leveling,Building,m3,4064.796310510737
2025-04-03,Terrain leveling,Building,m3,2156.409357487128
2025-03-21,Iron mining,Railway,m3,953.4010504719271
2025-12-27,Anchorage,Railway,m2,650.1419180603684
2025-02-12,Pavement,Road,m2,203.57738334604636
2025-06-20,Terrain leveling,Building,m3,3805.0072192135935
2025-03-03,Pavement,Road,m2,3124.411292859818
2025-04-30,Laying steel rail,Railway,m,3547.4679782126377
2025-08-28,Iron mining,Railway,m3,2211.8857590749003
2025-04-10,Foundation pouring,Building,m3,1349.0812262755653
2025-12-27,Subbase application,Road,m2,1220.8118987248856
2025-03-13,Terrain leveling,Building,m3,4511.530304379401
2025-10-04,Walling,Building,m2,4958.3497562621815
2025-06-07,Removing trees,Building,m2,1930.58473311514
2025-12-20,Ballast,Railway,m3,2827.120292224701
2025-01-13,Anchorage,Railway,m2,3210.8609891207334
2025-11-13,Iron mining,Railway,m3,4539.693627111281
2025-05-23,Terrain leveling,Building,m3,3504.5580060677053
2025-03-07,Anchorage,Railway,m2,2112.4479297215985
2025-06-15,Anchorage,Railway,m2,276.7083849168645
2025-07-11,Laying steel rail,Railway,m,11.552929727070559
2025-02-08,Walling,Building,m2,1853.981257940549
2025-10-03,Rolling/Tractor,Road,m2,3687.648002368322
2025-03-08,Ballast,Railway,m3,1450.1558121543685
2025-08-14,Foundation pouring,Building,m3,3203.5517109705515
2025-12-14,Iron mining,Railway,m3,1844.8592825002113
2025-11-15,Coat preparation,Road,L,970.2962065123199
2025-02-13,Walling,Building,m2,848.2404705229374
2025-03-25,Terrain leveling,Building,m3,4984.581924931303
2025-02-15,Removing trees,Building,m2,1547.484120196096
2025-04-02,Walling,Building,m2,3363.381886275873
2025-01-23,Pavement,Road,m2,395.42961190005
2025-06-09,Cement making,Building,m3,3341.28748258567
2025-04-28,Subbase application,Road,m2,3870.328415481204
2025-05-29,Removing trees,Building,m2,4410.031775541711
2025-11-10,Iron mining,Railway,m3,2471.692176851019
2025-05-25,Iron mining,Railway,m3,3598.5832965440013
2025-05-24,Rolling/Tractor,Road,m2,592.2820035803883
2025-05-21,Walling,Building,m2,1411.78588993017
2025-02-01,Iron mining,Railway,m3,4552.037138491798
2025-05-19,Coat preparation,Road,L,4045.6045191489875
2025-01-29,Laying steel rail,Railway,m,3136.952053555179
2025-07-05,Subbase application,Road,m2,791.8880631659442
2025-08-24,Laying steel rail,Railway,m,3054.7753326980346
2025-02-14,Subbase application,Road,m2,1133.8041067240279
2025-12-20,Ballast,Railway,m3,3109.501304905897
2025-02-02,Walling,Building,m2,2747.750903679392
2025-05-15,Ballast,Railway,m3,3776.8895242123363
2025-01-11,Pavement,Road,m2,2285.9869251319633
2025-10-02,Terrain leveling,Building,m3,3512.013201298933
2025-07-13,Subbase application,Road,m2,3468.1990412827054
2025-01-23,Rolling/Tractor,Road,m2,3174.785372966994
2025-11-24,Walling,Building,m2,1195.8877046357875
2025-08-01,Rolling/Tractor,Road,m2,3667.6230564402144
2025-04-09,Subbase application,Road,m2,3391.2900596651075
2025-04-14,Anchorage,Railway,m2,3347.3241543687086
2025-12-11,Removing trees,Building,m2,307.4720551500165
2025-11-16,Subbase application,Road,m2,2216.6696173819073
2025-02-25,Cement making,Building,m3,647.458201664844
2025-11-18,Subbase application,Road,m2,3895.425997400512
2025-07-06,Pavement,Road,m2,2941.4588783989116
2025-09-09,Iron mining,Railway,m3,3099.8720898549564
2025-08-30,Foundation pouring,Building,m3,4970.421269258419
2025-01-26,Rolling/Tractor,Road,m2,868.6582794887893
2025-10-10,Foundation pouring,Building,m3,3283.6336296272807
2025-05-06,Iron mining,Railway,m3,4214.052319783045
2025-03-28,Removing trees,Building,m2,3964.735969947757
2025-12-28,Subbase application,Road,m2,1764.1155968372434
2025-02-20,Iron mining,Railway,m3,1165.3417100856368
2025-04-06,Foundation pouring,Building,m3,2415.173413852152
2025-03-28,Terrain leveling,Building,m3,694.0822542991642
2025-08-12,Pavement,Road,m2,1016.5206936393334
2025-04-15,Terrain leveling,Building,m3,251.12093012117532
2025-06-12,Ballast,Railway,m3,1751.4785462478872
2025-11-15,Cement making,Building,m3,4098.302945794129
2025-12-16,Subbase application,Road,m2,2610.8675831838136
2025-04-21,Pavement,Road,m2,2901.755196639663
2025-09-05,Ballast,Railway,m3,4236.269380554105
2025-05-07,Anchorage,Railway,m2,1759.9206623505158
2025-01-08,Rolling/Tractor,Road,m2,360.0543321765598
2025-02-04,Rolling/Tractor,Road,m2,2603.0965015377124
2025-01-29,Anchorage,Railway,m2,4115.371376027691
2025-09-18,Subbase application,Road,m2,3022.2980297358345
2025-12-10,Walling,Building,m2,2019.8391621071094
2025-04-30,Anchorage,Railway,m2,441.8294085367519
2025-06-19,Walling,Building,m2,2448.591234369146
2025-11-28,Cement making,Building,m3,4411.803439429711
2025-07-19,Rolling/Tractor,Road,m2,762.0852685698986
2025-11-22,Laying steel rail,Railway,m,668.9162972110003
2025-12-02,Cement making,Building,m3,3907.4810687894496
2025-02-07,Ballast,Railway,m3,3735.2896800333656
2025-09-25,Subbase application,Road,m2,1594.6429570665987
2025-05-11,Terrain leveling,Building,m3,1919.7860942208622
2025-09-03,Laying steel rail,Railway,m,1993.4782831431446
2025-03-02,Walling,Building,m2,4111.8890562556635
2025-01-07,Iron mining,Railway,m3,1102.3499577815198
2025-05-12,Iron mining,Railway,m3,157.39711551655822
2025-08-31,Ballast,Railway,m3,2401.0016305902086
2025-09-02,Cement making,Building,m3,4554.570887421635
2025-01-20,Subbase application,Road,m2,1388.514123793479
2025-03-22,Rolling/Tractor,Road,m2,1870.1275824702745
2025-03-27,Iron mining,Railway,m3,1989.3395891607918
2025-11-05,Pavement,Road,m2,4542.107096750301
2025-11-12,Anchorage,Railway,m2,3319.8754980371205
2025-01-16,Cement making,Building,m3,1491.013215082242
2025-07-05,Cement making,Building,m3,2785.1753158716706
2025-05-31,Terrain leveling,Building,m3,1316.0329445857617
2025-06-21,Ballast,Railway,m3,120.42702856020604
2025-08-01,Laying steel rail,Railway,m,408.17792798039596
2025-07-20,Cement making,Building,m3,1614.3510845304077
2025-11-29,Ballast,Railway,m3,399.88750098277404
2025-05-02,Ballast,Railway,m3,20.606732874435817
2025-01-06,Coat preparation,Road,L,1308.367292542516
2025-07-21,Iron mining,Railway,m3,1356.9809968071695
2025-04-29,Coat preparation,Road,L,2069.4623607788644
2025-07-21,Ballast,Railway,m3,1048.2558802336346
2025-03-29,Cement making,Building,m3,936.3198915473791
2025-02-03,Coat preparation,Road,L,4434.282077193709
2025-01-11,Terrain leveling,Building,m3,4202.98460459273
2025-06-27,Cement making,Building,m3,2146.3731399127128
2025-01-14,Iron mining,Railway,m3,1662.2793117747076
2025-10-24,Removing trees,Building,m2,2968.497134553151
2025-03-04,Rolling/Tractor,Road,m2,109.1024593997264
2025-01-19,Cement making,Building,m3,2620.0721601095356
2025-06-25,Laying steel rail,Railway,m,2528.270917828293
2025-11-13,Ballast,Railway,m3,3109.044834405238
2025-06-21,Anchorage,Railway,m2,3568.239123698574
2025-02-25,Terrain leveling,Building,m3,1451.2906320812174
2025-06-13,Ballast,Railway,m3,3690.8365431707284
2025-12-15,Foundation pouring,Building,m3,3288.5365875888524
2025-12-28,Pavement,Road,m2,2429.3262068636113
2025-04-21,Anchorage,Railway,m2,4274.673202268809
2025-10-31,Ballast,Railway,m3,4393.74315492518
2025-12-21,Iron mining,Railway,m3,2661.5612471758154
2025-04-16,Rolling/Tractor,Road,m2,1679.1213274288646
2025-11-09,Walling,Building,m2,3781.6905844506587
2025-02-23,Rolling/Tractor,Road,m2,3788.748637159022
2025-12-27,Cement making,Building,m3,1687.1433583969524
2025-05-23,Ballast,Railway,m3,1945.2618478369877
2025-02-27,Anchorage,Railway,m2,4012.4353272467
2025-09-09,Removing trees,Building,m2,1075.8303434926165
2025-07-31,Subbase application,Road,m2,1742.53977823696
2025-09-16,Ballast,Railway,m3,4906.900745004015
2025-05-21,Coat preparation,Road,L,405.67020657721883
2025-04-12,Pavement,Road,m2,1556.3520963586132
2025-07-02,Walling,Building,m2,4801.548327404387
2025-09-03,Coat preparation,Road,L,3068.2163678004385
2025-01-15,Rolling/Tractor,Road,m2,607.5857699966431
2025-07-24,Laying steel rail,Railway,m,3283.464868729685
2025-02-10,Anchorage,Railway,m2,2574.7572558141874
2025-03-09,Foundation pouring,Building,m3,2800.283749608418
2025-07-24,Ballast,Railway,m3,888.3591439533856
2025-07-31,Iron mining,Railway,m3,53.606890245820324
2025-03-17,Anchorage,Railway,m2,2092.1754537935
2025-06-10,Ballast,Railway,m3,1475.7393638388855
2025-01-01,Rolling/Tractor,Road,m2,4582.986171640674
2025-12-27,Laying steel rail,Railway,m,511.29022439464325
2025-06-07,Walling,Building,m2,1510.4383804900117
2025-08-20,Foundation pouring,Building,m3,1908.3658933491888
2025-05-13,Laying steel rail,Railway,m,2258.9941560481884
2025-06-10,Rolling/Tractor,Road,m2,136.42968847422276
2025-11-18,Rolling/Tractor,Road,m2,947.2935176988678
2025-03-10,Anchorage,Railway,m2,166.17290341695067
2025-11-24,Coat preparation,Road,L,3318.5228818164196
2025-05-21,Subbase application,Road,m2,2849.291325386449
2025-04-28,Pavement,Road,m2,3385.3277682148764
2025-09-17,Cement making,Building,m3,1151.7387336668028
2025-06-25,Pavement,Road,m2,465.89761134780804
2025-02-08,Terrain leveling,Building,m3,1902.7075370626324
2025-12-04,Iron mining,Railway,m3,144.90588922835335
2025-12-22,Coat preparation,Road,L,137.52894621019806
2025-01-04,Terrain leveling,Building,m3,1914.1963568248789
2025-04-09,Terrain leveling,Building,m3,634.5267631914297
2025-07-20,Anchorage,Railway,m2,4103.0466889416775
2025-02-20,Terrain leveling,Building,m3,2706.59947835705
2025-11-23,Subbase application,Road,m2,1365.4515351204416
2025-08-29,Pavement,Road,m2,2525.335075234238
2025-02-24,Pavement,Road,m2,1730.4734360766238
2025-04-28,Ballast,Railway,m3,280.5395734739635
2025-09-11,Coat preparation,Road,L,2679.003894560607
2025-09-18,Rolling/Tractor,Road,m2,1847.307564154717
2025-04-15,Rolling/Tractor,Road,m2,2133.330031747274
2025-06-25,Anchorage,Railway,m2,3616.703003305058
2025-02-19,Laying steel rail,Railway,m,4741.162987569309
2025-09-11,Terrain leveling,Building,m3,999.61960140943
2025-07-08,Ballast,Railway,m3,2619.063986492269
2025-09-17,Terrain leveling,Building,m3,2325.723350906945
2025-01-17,Foundation pouring,Building,m3,2366.710263855605
2025-12-25,Ballast,Railway,m3,3404.1643469534756
2025-09-30,Iron mining,Railway,m3,857.735991192764
2025-11-29,Ballast,Railway,m3,4598.002968215979
2025-03-25,Foundation pouring,Building,m3,1098.9126198563847
2025-09-26,Foundation pouring,Building,m3,1582.3976449290005
2025-12-28,Terrain leveling,Building,m3,3480.5205163874193
2025-07-25,Removing trees,Building,m2,2934.311616628048
2025-06-12,Pavement,Road,m2,2529.5987183320926
2025-08-21,Laying steel rail,Railway,m,3749.948668577324
2025-03-27,Ballast,Railway,m3,4946.422850945934
2025-10-12,Iron mining,Railway,m3,3750.8244529166427
2025-08-10,Laying steel rail,Railway,m,2234.48192489042
2025-11-15,Pavement,Road,m2,3950.206420687667
2025-08-23,Foundation pouring,Building,m3,3716.244569341933
2025-06-08,Iron mining,Railway,m3,1272.877833959148
2025-08-18,Coat preparation,Road,L,4611.296989648363
2025-08-03,Subbase application,Road,m2,401.41161003299175
2025-12-28,Terrain leveling,Building,m3,199.58636524604333
2025-01-26,Terrain leveling,Building,m3,4144.41152400437
2025-05-12,Pavement,Road,m2,2819.4512166263585
2025-03-21,Anchorage,Railway,m2,4353.854829082982
2025-08-30,Iron mining,Railway,m3,2586.1865940033385
2025-10-23,Removing trees,Building,m2,1661.5156260245005
2025-08-21,Pavement,Road,m2,2649.771309026434
2025-11-28,Cement making,Building,m3,2344.6018520528073
2025-07-28,Ballast,Railway,m3,2537.151182911769
2025-01-26,Removing trees,Building,m2,488.6948738791913
2025-08-28,Coat preparation,Road,L,1501.5635939993804
2025-01-21,Ballast,Railway,m3,3296.736000102174
2025-01-12,Laying steel rail,Railway,m,2794.6369881726628
2025-10-28,Walling,Building,m2,2135.405912397561
2025-08-28,Iron mining,Railway,m3,2711.5833872218477
2025-05-27,Cement making,Building,m3,3438.4299055556594
2025-07-29,Subbase application,Road,m2,3070.311043818278
2025-11-06,Foundation pouring,Building,m3,1358.1217125898631
2025-04-06,Foundation pouring,Building,m3,1265.6478545632622
2025-11-11,Subbase application,Road,m2,1514.2277203326205
2025-11-23,Removing trees,Building,m2,4093.413371126339
2025-08-30,Rolling/Tractor,Road,m2,1009.6206647039735
2025-10-14,Iron mining,Railway,m3,4428.5026940191465
2025-02-17,Ballast,Railway,m3,4226.739666805851
2025-12-24,Laying steel rail,Railway,m,2438.510708256511
2025-05-05,Foundation pouring,Building,m3,4682.39316628863
2025-05-26,Walling,Building,m2,51.19371405823359
2025-07-18,Foundation pouring,Building,m3,2281.52181039591
2025-12-21,Rolling/Tractor,Road,m2,711.0354520256545
2025-07-27,Pavement,Road,m2,4787.0049307573045
2025-02-13,Cement making,Building,m3,1257.568557631455
2025-07-05,Walling,Building,m2,811.2322111320192
2025-06-23,Rolling/Tractor,Road,m2,3845.4626727200116
2025-01-27,Pavement,Road,m2,468.9511764606119
2025-06-12,Pavement,Road,m2,3872.6746439109033
2025-07-12,Cement making,Building,m3,4327.228158291854
2025-06-13,Coat preparation,Road,L,2666.483351240026
2025-09-15,Pavement,Road,m2,1998.9801365350252
2025-09-16,Rolling/Tractor,Road,m2,2335.696250479957
2025-08-31,Rolling/Tractor,Road,m2,687.5855656018754
2025-06-02,Rolling/Tractor,Road,m2,477.79472452332715
2025-12-14,Subbase application,Road,m2,972.0607870221171
2025-02-26,Removing trees,Building,m2,938.710006510799
2025-08-20,Foundation pouring,Building,m3,880.09600352143
2025-03-30,Ballast,Railway,m3,2276.131152217519
2025-03-26,Coat preparation,Road,L,3819.115046689975
2025-04-30,Subbase application,Road,m2,49.919383810398955
2025-01-31,Removing trees,Building,m2,1697.1136981342922
2025-05-30,Pavement,Road,m2,4239.919563405078
2025-08-27,Coat preparation,Road,L,4773.329254660215
2025-06-10,Pavement,Road,m2,1516.1616885073897
2025-10-30,Cement making,Building,m3,1626.1970226350143
2025-08-31,Pavement,Road,m2,3412.4518760050164
2025-05-18,Anchorage,Railway,m2,3539.305269489362
2025-01-25,Laying steel rail,Railway,m,3694.364081474022
2025-10-19,Laying steel rail,Railway,m,1496.309245755449
2025-08-02,Pavement,Road,m2,3988.7216857029493
2025-04-30,Pavement,Road,m2,2488.5077577491575
2025-11-26,Anchorage,Railway,m2,4535.258662858574
2025-04-07,Foundation pouring,Building,m3,603.9129973394058
2025-09-23,Foundation pouring,Building,m3,2323.0847247288816
2025-06-07,Cement making,Building,m3,3248.407351600398
2025-03-01,Ballast,Railway,m3,835.0474415945753
2025-09-13,Iron mining,Railway,m3,1196.613033216059
2025-02-01,Pavement,Road,m2,2701.6548826691633
2025-11-19,Iron mining,Railway,m3,3065.4182940559854
2025-08-17,Pavement,Road,m2,3181.8433760229027
2025-03-16,Rolling/Tractor,Road,m2,4314.073472626773
2025-08-29,Ballast,Railway,m3,68.86119592045104
2025-10-29,Pavement,Road,m2,2303.1696524662216
2025-08-31,Laying steel rail,Railway,m,4253.5944525972045
2025-08-02,Ballast,Railway,m3,3076.7544203886437
2025-05-03,Laying steel rail,Railway,m,4261.844095650485
2025-01-20,Iron mining,Railway,m3,887.849717178641
2025-11-26,Laying steel rail,Railway,m,2972.8323851981204
2025-10-18,Coat preparation,Road,L,572.5845841841887
2025-06-18,Laying steel rail,Railway,m,2889.3811747675236
2025-10-22,Iron mining,Railway,m3,3431.30444181639
2025-10-14,Foundation pouring,Building,m3,3590.9673996898737
2025-02-19,Anchorage,Railway,m2,3520.005939443813
2025-02-14,Laying steel rail,Railway,m,1793.7856875064651
2025-10-13,Anchorage,Railway,m2,150.26725281539143
2025-12-19,Anchorage,Railway,m2,2060.987637942821
2025-10-08,Iron mining,Railway,m3,4882.895915410103
2025-07-01,Walling,Building,m2,3054.7351218884455
2025-05-06,Laying steel rail,Railway,m,3556.545160942028
2025-01-07,Subbase application,Road,m2,2062.300624421548
2025-12-03,Removing trees,Building,m2,3578.6968935238656
2025-07-05,Laying steel rail,Railway,m,733.2387926557943
2025-12-07,Cement making,Building,m3,4218.177544910813
2025-11-18,Anchorage,Railway,m2,4765.089142703153
2025-06-03,Subbase application,Road,m2,2355.6463025261005
2025-06-03,Foundation pouring,Building,m3,4011.964618549947
2025-04-05,Iron mining,Railway,m3,2685.5319129225018
2025-05-29,Iron mining,Railway,m3,4863.93597725936
2025-02-06,Terrain leveling,Building,m3,818.3285210958985
2025-03-10,Subbase application,Road,m2,1064.9036305167092
2025-02-28,Rolling/Tractor,Road,m2,3938.9959197100293
2025-02-07,Coat preparation,Road,L,571.6053108226515
2025-08-10,Subbase application,Road,m2,4452.833995247083
2025-01-04,Cement making,Building,m3,4884.855189004055
2025-10-13,Pavement,Road,m2,446.3693832040305
2025-08-11,Cement making,Building,m3,2143.750670969009
2025-05-21,Terrain leveling,Building,m3,2343.6349134150105
2025-09-21,Laying steel rail,Railway,m,4411.4779918681115
2025-06-12,Iron mining,Railway,m3,118.25631589163666
2025-06-01,Subbase application,Road,m2,2103.9528733971497
2025-08-01,Pavement,Road,m2,1083.8549599717346
2025-08-28,Foundation pouring,Building,m3,635.655859786513
2025-12-14,Subbase application,Road,m2,1118.7011125338731
2025-07-02,Walling,Building,m2,655.8730610051572
2025-07-02,Laying steel rail,Railway,m,158.93359313137955
2025-10-26,Iron mining,Railway,m3,2907.687596632835
2025-10-25,Pavement,Road,m2,1626.0103080406773
2025-04-24,Removing trees,Building,m2,1805.4412751954103
2025-10-17,Foundation pouring,Building,m3,4830.751715471281
2025-08-14,Ballast,Railway,m3,447.31807180042995
2025-07-29,Anchorage,Railway,m2,4245.143541339537
2025-07-07,Pavement,Road,m2,4470.879141030208
2025-03-26,Subbase application,Road,m2,1265.1097552072904
2025-08-06,Coat preparation,Road,L,3042.8827619555072
2025-01-17,Walling,Building,m2,1848.2571244953149
2025-11-20,Ballast,Railway,m3,3331.9948273648592
2025-02-02,Terrain leveling,Building,m3,330.01786639581866
2025-03-30,Iron mining,Railway,m3,3134.849559867582
2025-09-04,Ballast,Railway,m3,4163.923337774713
2025-01-27,Cement making,Building,m3,1362.5634543760195
2025-08-16,Subbase application,Road,m2,1145.576699820487
2025-06-06,Cement making,Building,m3,3905.7965202829064
2025-06-04,Coat preparation,Road,L,2448.24963396536
2025-11-25,Rolling/Tractor,Road,m2,4900.746366303063
2025-11-16,Pavement,Road,m2,3088.301655898782
2025-10-11,Pavement,Road,m2,4644.374064684646
2025-09-19,Walling,Building,m2,3052.562508855577
2025-08-26,Anchorage,Railway,m2,2742.379258476608
2025-03-02,Removing trees,Building,m2,543.5582838121622
2025-12-02,Foundation pouring,Building,m3,515.0562165373124
2025-12-17,Removing trees,Building,m2,4652.519356796283
2025-08-13,Iron mining,Railway,m3,3090.596557231095
2025-04-05,Laying steel rail,Railway,m,3259.352175329809
2025-07-16,Foundation pouring,Building,m3,3948.4940937416172
2025-11-22,Foundation pouring,Building,m3,3322.454546138831
2025-05-27,Ballast,Railway,m3,1262.6398921999198
2025-10-26,Terrain leveling,Building,m3,1683.0343184811381
2025-01-02,Subbase application,Road,m2,4169.043984861093
2025-07-17,Foundation pouring,Building,m3,4526.4643204368795
2025-06-08,Cement making,Building,m3,1840.8313605036426
2025-02-14,Removing trees,Building,m2,1159.5515150436836
2025-06-12,Laying steel rail,Railway,m,4896.54718635776
2025-05-07,Ballast,Railway,m3,1454.1753975599743
2025-05-21,Laying steel rail,Railway,m,1459.5768164061096
2025-04-28,Removing trees,Building,m2,1335.6962676515677
2025-04-08,Anchorage,Railway,m2,2998.698916333974
2025-11-14,Foundation pouring,Building,m3,4954.344193341633
2025-08-03,Anchorage,Railway,m2,2643.8939226074654
2025-09-11,Foundation pouring,Building,m3,2549.3772765865524
2025-04-10,Removing trees,Building,m2,2828.351819058158
2025-02-26,Rolling/Tractor,Road,m2,1613.3727031476913
2025-10-21,Walling,Building,m2,57.347283488772824
2025-02-23,Coat preparation,Road,L,4386.2528699641125
2025-12-28,Laying steel rail,Railway,m,2156.8544182431833
2025-04-27,Cement making,Building,m3,3288.5253620259423
2025-04-29,Walling,Building,m2,3178.401211961785
2025-02-26,Coat preparation,Road,L,2958.1399596529113
2025-02-15,Anchorage,Railway,m2,1010.0359023907041
2025-04-27,Laying steel rail,Railway,m,3637.0780175554223
2025-10-31,Cement making,Building,m3,3804.08520632851
2025-12-12,Iron mining,Railway,m3,2798.4334490998563
2025-07-13,Coat preparation,Road,L,4327.705550711782
2025-12-13,Pavement,Road,m2,4882.820199240749
2025-04-29,Pavement,Road,m2,2878.502518288974
2025-02-24,Iron mining,Railway,m3,1579.3364775778084
2025-12-04,Laying steel rail,Railway,m,3200.5409134156616
2025-04-02,Anchorage,Railway,m2,1230.2846748150375
2025-11-19,Terrain leveling,Building,m3,3961.089188243667
2025-06-30,Coat preparation,Road,L,1134.0292436920568
2025-11-29,Terrain leveling,Building,m3,2489.999505989239
2025-05-01,Ballast,Railway,m3,3974.7650133769785
2025-05-10,Foundation pouring,Building,m3,185.67106699171555
2025-06-08,Removing trees,Building,m2,1513.966065644183
2025-12-29,Removing trees,Building,m2,4907.396142336651
2025-05-03,Removing trees,Building,m2,2462.6358319891665
2025-06-12,Ballast,Railway,m3,2816.241768655352
2025-05-01,Iron mining,Railway,m3,1027.3192912892166
2025-12-10,Pavement,Road,m2,3117.542414334733
2025-11-24,Ballast,Railway,m3,4631.678729145052
2025-05-16,Walling,Building,m2,2479.0240419127435
2025-12-18,Removing trees,Building,m2,4389.151363338818
2025-12-16,Terrain leveling,Building,m3,2140.357922897442
2025-09-05,Pavement,Road,m2,905.0659059206539
2025-10-20,Removing trees,Building,m2,3842.753659787071
2025-09-09,Anchorage,Railway,m2,3267.2224274703626
2025-02-07,Laying steel rail,Railway,m,4250.617243672076
2025-02-01,Walling,Building,m2,725.348167997294
2025-07-17,Cement making,Building,m3,930.2637207765513
2025-01-30,Pavement,Road,m2,3629.4078428458834
2025-08-05,Iron mining,Railway,m3,2721.504338952783
2025-02-06,Foundation pouring,Building,m3,1996.2391574447213
2025-04-28,Coat preparation,Road,L,3374.3252037238303
2025-06-11,Removing trees,Building,m2,2389.5206306244027
2025-12-25,Terrain leveling,Building,m3,4121.906163211251
2025-04-28,Walling,Building,m2,150.18171756817466
2025-12-08,Foundation pouring,Building,m3,3779.3344578956417
2025-09-02,Ballast,Railway,m3,1907.9067118444286
2025-05-02,Iron mining,Railway,m3,1460.3829217937637
2025-11-17,Pavement,Road,m2,478.63031364295097
2025-01-16,Removing trees,Building,m2,2917.8220661536075
2025-01-18,Anchorage,Railway,m2,4931.496726357682
2025-03-10,Pavement,Road,m2,2270.5108343638462
2025-09-17,Subbase application,Road,m2,4749.676178266014
2025-11-19,Laying steel rail,Railway,m,2776.8881066819904
2025-07-09,Walling,Building,m2,4555.073382564616
2025-07-20,Anchorage,Railway,m2,1752.8024639352984
2025-01-03,Cement making,Building,m3,994.0886355717727
2025-10-20,Laying steel rail,Railway,m,2474.5544531367036
2025-10-20,Rolling/Tractor,Road,m2,3751.3300056609633
2025-10-06,Pavement,Road,m2,1327.6644089293304
2025-01-17,Pavement,Road,m2,3666.040550694963
2025-02-24,Ballast,Railway,m3,3789.65302632823
2025-02-06,Iron mining,Railway,m3,1951.8669704451775
2025-11-05,Ballast,Railway,m3,2411.863968001712
2025-09-29,Cement making,Building,m3,178.73199842520947
2025-03-04,Iron mining,Railway,m3,1491.2583200890938
2025-11-28,Laying steel rail,Railway,m,2064.5951922386485
2025-10-03,Ballast,Railway,m3,3907.729927225228
2025-04-12,Anchorage,Railway,m2,4077.8203972008814
2025-07-05,Rolling/Tractor,Road,m2,3814.798780911488
2025-07-17,Ballast,Railway,m3,185.08295159980258
2025-12-01,Laying steel rail,Railway,m,4789.824203350913
2025-11-16,Walling,Building,m2,4847.012354311667
2025-10-21,Ballast,Railway,m3,311.8684181188425
2025-01-28,Coat preparation,Road,L,2100.2052956463262
2025-05-08,Walling,Building,m2,288.07699624009973
2025-11-02,Removing trees,Building,m2,4540.365907920582
2025-05-31,Iron mining,Railway,m3,2899.3922340779354
2025-08-29,Subbase application,Road,m2,492.0238836413798
2025-10-23,Removing trees,Building,m2,1499.3849146692812
2025-12-09,Coat preparation,Road,L,2104.7979152587086
2025-02-20,Pavement,Road,m2,1251.1795979920214
2025-09-07,Ballast,Railway,m3,4528.145834549124
2025-09-13,Anchorage,Railway,m2,3811.4325953223847
2025-04-09,Iron mining,Railway,m3,2393.9883104564487
2025-08-31,Iron mining,Railway,m3,711.0368122848442
2025-02-15,Laying steel rail,Railway,m,4271.881771935016
2025-07-22,Subbase application,Road,m2,4293.002608040963
2025-03-27,Ballast,Railway,m3,3481.3145814656
2025-05-31,Removing trees,Building,m2,4661.487967753647
2025-11-10,Laying steel rail,Railway,m,1061.3410785056637
2025-07-04,Pavement,Road,m2,2194.298299265926
2025-01-22,Foundation pouring,Building,m3,2954.6486103726456
2025-06-15,Foundation pouring,Building,m3,3755.789931953057
2025-03-13,Coat preparation,Road,L,1691.1750859307233
2025-07-11,Anchorage,Railway,m2,4908.812219494022
2025-07-04,Pavement,Road,m2,1419.791840658869
2025-07-12,Cement making,Building,m3,1613.308063509754
2025-10-19,Coat preparation,Road,L,3883.997892692042
2025-10-05,Ballast,Railway,m3,4175.028387947836
2025-10-03,Foundation pouring,Building,m3,4452.020284149809
2025-02-13,Laying steel rail,Railway,m,489.4523379105309
2025-09-02,Subbase application,Road,m2,3160.5850879808595
2025-01-21,Anchorage,Railway,m2,3941.757915146516
2025-07-27,Pavement,Road,m2,2716.6551047771
2025-03-15,Foundation pouring,Building,m3,1061.2575176374062
2025-04-07,Subbase application,Road,m2,1808.7706279383597
2025-05-30,Terrain leveling,Building,m3,2185.1619146904873
2025-09-01,Cement making,Building,m3,3929.772780267956
2025-06-11,Ballast,Railway,m3,2818.322001546963
2025-11-29,Cement making,Building,m3,4210.534516546129
2025-01-23,Pavement,Road,m2,4048.525259277507
2025-03-21,Ballast,Railway,m3,4749.109821598926
2025-05-13,Laying steel rail,Railway,m,616.2042290887781
2025-03-06,Removing trees,Building,m2,4315.0897720186895
2025-09-28,Cement making,Building,m3,2977.60331426199
2025-09-13,Subbase application,Road,m2,572.9171892841762
2025-06-04,Laying steel rail,Railway,m,3735.507927934989
2025-01-28,Foundation pouring,Building,m3,542.8533234481337
2025-10-12,Terrain leveling,Building,m3,44.86848373382257
2025-03-19,Anchorage,Railway,m2,1580.9601843572118
2025-11-12,Subbase application,Road,m2,1294.769643471575
2025-08-10,Pavement,Road,m2,870.9997789708734
2025-10-11,Iron mining,Railway,m3,4395.245106974683
2025-03-20,Foundation pouring,Building,m3,4177.0588151593765
2025-10-07,Anchorage,Railway,m2,2088.8962595676476
2025-12-13,Ballast,Railway,m3,1285.8736502555012
2025-11-16,Foundation pouring,Building,m3,4703.92638719242
2025-04-06,Cement making,Building,m3,3286.5063985959723
2025-11-16,Walling,Building,m2,2867.281247673864
2025-08-26,Anchorage,Railway,m2,4190.848382605092
2025-12-17,Iron mining,Railway,m3,2713.625379897943
2025-11-30,Laying steel rail,Railway,m,2724.40035563354
2025-07-27,Laying steel rail,Railway,m,1726.8630201392139
2025-02-04,Coat preparation,Road,L,4730.299525772556
2025-06-13,Laying steel rail,Railway,m,314.12100747109986
2025-03-06,Terrain leveling,Building,m3,3082.364707670434
2025-07-20,Anchorage,Railway,m2,2675.269414084618
2025-12-13,Ballast,Railway,m3,2331.1715816318124
2025-12-17,Rolling/Tractor,Road,m2,1241.2157995661205
2025-03-03,Coat preparation,Road,L,4281.338971040537
2025-12-07,Foundation pouring,Building,m3,3517.827785917151
2025-01-04,Pavement,Road,m2,2073.1940285110995
2025-10-04,Anchorage,Railway,m2,2305.232409142903
2025-09-06,Terrain leveling,Building,m3,3107.052683283564
2025-10-25,Rolling/Tractor,Road,m2,2039.6004698322483
2025-11-24,Terrain leveling,Building,m3,777.1192475241606
2025-05-09,Walling,Building,m2,2110.9316078521097
2025-03-18,Cement making,Building,m3,4682.501731672924
2025-07-03,Walling,Building,m2,4989.740355705202
2025-08-26,Walling,Building,m2,947.4274962162071
2025-09-29,Coat preparation,Road,L,2501.243394370823
2025-07-28,Iron mining,Railway,m3,938.1856588401166
2025-06-16,Subbase application,Road,m2,630.3414613685399
2025-10-07,Terrain leveling,Building,m3,1921.7623015427637
2025-06-19,Subbase application,Road,m2,4446.459839675087
2025-03-19,Anchorage,Railway,m2,3716.0628348464725
2025-02-07,Laying steel rail,Railway,m,3585.596085302779
2025-08-03,Cement making,Building,m3,1763.931426224672
2025-07-15,Coat preparation,Road,L,808.5480380116966
2025-02-16,Walling,Building,m2,187.12513563088228
2025-09-21,Laying steel rail,Railway,m,419.4488250964018
2025-04-13,Ballast,Railway,m3,590.6284609477847
2025-10-04,Subbase application,Road,m2,3336.9965809135947
2025-02-28,Iron mining,Railway,m3,3775.18600144068
2025-01-14,Subbase application,Road,m2,781.0727397716332
2025-05-29,Ballast,Railway,m3,1144.100940921835
2025-08-02,Coat preparation,Road,L,398.11811567624034
2025-01-20,Cement making,Building,m3,4760.926566997205
2025-03-18,Subbase application,Road,m2,2087.376620633367
2025-05-19,Iron mining,Railway,m3,513.8084321487502
2025-05-27,Terrain leveling,Building,m3,303.9901384918381
2025-12-01,Walling,Building,m2,1190.4357783411301
2025-09-18,Terrain leveling,Building,m3,560.3821824820776
2025-05-08,Coat preparation,Road,L,2969.6903503167323
2025-03-05,Iron mining,Railway,m3,2690.2200219424803
2025-05-04,Anchorage,Railway,m2,2631.425972131052
2025-09-27,Coat preparation,Road,L,3004.696127627309
2025-03-19,Anchorage,Railway,m2,2897.9757882737126
2025-12-16,Anchorage,Railway,m2,2193.4816488155334
2025-01-30,Rolling/Tractor,Road,m2,1708.0031309638077
2025-08-16,Iron mining,Railway,m3,1996.4318031594119
2025-03-22,Ballast,Railway,m3,3827.544648748388
2025-05-09,Subbase application,Road,m2,4700.277402249536
2025-10-08,Removing trees,Building,m2,1201.3136414774717
2025-06-17,Terrain leveling,Building,m3,2159.8214568879375
2025-08-06,Anchorage,Railway,m2,4500.666096945728
2025-06-01,Removing trees,Building,m2,1677.6370535458518
2025-05-08,Terrain leveling,Building,m3,2828.586407331137
2025-10-28,Rolling/Tractor,Road,m2,1931.3881470860472
2025-01-12,Iron mining,Railway,m3,876.5112169728723
2025-08-11,Laying steel rail,Railway,m,2554.472430945145
2025-12-29,Removing trees,Building,m2,2607.034571659232
2025-06-01,Subbase application,Road,m2,3653.9352491776162
2025-06-22,Laying steel rail,Railway,m,3859.1580514604566
2025-11-04,Anchorage,Railway,m2,3799.0661039600045
2025-08-16,Removing trees,Building,m2,1971.7734676617627
2025-07-16,Ballast,Railway,m3,3.737610427081983
2025-12-10,Rolling/Tractor,Road,m2,1413.8761685187674
2025-10-09,Subbase application,Road,m2,1233.679133621628
2025-06-01,Foundation pouring,Building,m3,3548.362662544674
2025-04-09,Rolling/Tractor,Road,m2,1634.2077340676635
2025-02-07,Walling,Building,m2,576.299824219983
2025-07-09,Terrain leveling,Building,m3,4241.519454413506
2025-01-16,Cement making,Building,m3,680.7678118303023
2025-06-22,Ballast,Railway,m3,4517.937297134173
2025-06-27,Laying steel rail,Railway,m,4668.667264627783
2025-12-28,Rolling/Tractor,Road,m2,1854.3236606175456
2025-04-13,Pavement,Road,m2,484.49028878244314
2025-01-03,Terrain leveling,Building,m3,786.4025143985165
2025-01-08,Subbase application,Road,m2,3815.6254445263226
2025-04-14,Removing trees,Building,m2,1260.5593198881365
2025-07-22,Coat preparation,Road,L,1332.3028222784428
2025-11-25,Rolling/Tractor,Road,m2,3902.749673049658
2025-01-29,Foundation pouring,Building,m3,2599.169215025583
2025-10-24,Subbase application,Road,m2,4044.764127508782
2025-09-25,Ballast,Railway,m3,2286.4776334680114
2025-09-14,Cement making,Building,m3,2757.964099636354
2025-01-11,Subbase application,Road,m2,2408.104307831007
2025-05-22,Ballast,Railway,m3,4457.797477602555
2025-12-07,Cement making,Building,m3,4066.587662538765
2025-10-01,Ballast,Railway,m3,4754.355789046413
2025-05-03,Walling,Building,m2,2721.993624115664
2025-08-26,Subbase application,Road,m2,2225.784296166962
2025-09-30,Pavement,Road,m2,3685.9064882565976
2025-10-11,Coat preparation,Road,L,132.6795478361903
2025-09-19,Subbase application,Road,m2,222.8676872216323
2025-03-22,Ballast,Railway,m3,4832.293293701867
2025-03-07,Ballast,Railway,m3,2902.1291352171934
2025-02-10,Anchorage,Railway,m2,3710.3391069505537
2025-10-02,Removing trees,Building,m2,2250.048021483966
2025-03-05,Cement making,Building,m3,853.7950160605334
2025-02-14,Ballast,Railway,m3,4109.5801881255
2025-03-28,Walling,Building,m2,828.0085316988717
2025-04-13,Walling,Building,m2,1704.2562855643423
2025-08-01,Coat preparation,Road,L,1792.7065608314747
2025-09-14,Laying steel rail,Railway,m,1250.2714377206237
2025-12-19,Pavement,Road,m2,1650.6355568992558
2025-08-31,Subbase application,Road,m2,4066.7476146644553
2025-06-11,Foundation pouring,Building,m3,4935.336395524818
2025-01-06,Foundation pouring,Building,m3,2740.1157634578317
2025-11-06,Walling,Building,m2,2036.1763863532656
2025-08-16,Laying steel rail,Railway,m,3727.5320657837874
2025-06-04,Terrain leveling,Building,m3,4063.7982373934533
2025-12-04,Removing trees,Building,m2,3294.300988049144
2025-02-15,Ballast,Railway,m3,4971.542195156921
2025-08-03,Cement making,Building,m3,1313.8132717307749
2025-10-23,Anchorage,Railway,m2,3371.4758520221653
2025-09-24,Removing trees,Building,m2,1892.2704619384306
2025-05-10,Cement making,Building,m3,4080.121958406569
2025-01-29,Coat preparation,Road,L,1175.5984349524217
2025-03-26,Subbase application,Road,m2,2670.872942968194
2025-12-19,Walling,Building,m2,3947.9556884891117
2025-06-17,Anchorage,Railway,m2,4928.878414661318
2025-05-23,Iron mining,Railway,m3,3620.000004963573
2025-11-19,Walling,Building,m2,3940.694005290134
2025-09-02,Anchorage,Railway,m2,2044.8466740242716
2025-12-20,Foundation pouring,Building,m3,805.3961177456387
2025-02-28,Iron mining,Railway,m3,4889.072652970032
2025-06-13,Cement making,Building,m3,435.7576790569739
2025-08-18,Anchorage,Railway,m2,1358.186805354879
2025-03-01,Laying steel rail,Railway,m,2296.394796784866
2025-11-10,Rolling/Tractor,Road,m2,4248.098829859238
2025-01-31,Removing trees,Building,m2,4978.853599651727
2025-08-22,Walling,Building,m2,3118.0196869072183
2025-12-12,Ballast,Railway,m3,4379.103235920005
2025-03-15,Ballast,Railway,m3,1892.0539827118266
2025-08-21,Terrain leveling,Building,m3,3667.909325776602
2025-12-13,Walling,Building,m2,2167.013242397353
2025-07-03,Laying steel rail,Railway,m,835.5211351439767
2025-08-23,Foundation pouring,Building,m3,3687.557351063848
2025-08-13,Rolling/Tractor,Road,m2,64.84472323721569
2025-01-16,Walling,Building,m2,2835.931071385661
2025-11-16,Rolling/Tractor,Road,m2,3616.9801887378685
2025-10-25,Cement making,Building,m3,4045.9308191266123
2025-04-10,Iron mining,Railway,m3,2984.245718937904
2025-11-24,Rolling/Tractor,Road,m2,997.3152311871975
2025-04-03,Foundation pouring,Building,m3,4322.548906206142
2025-07-23,Subbase application,Road,m2,1470.0601241058052
2025-11-22,Anchorage,Railway,m2,3270.500057528375
2025-07-10,Pavement,Road,m2,4264.39268535641
2025-12-17,Pavement,Road,m2,1209.705820205083
2025-06-29,Anchorage,Railway,m2,2533.5724375788714
2025-05-03,Subbase application,Road,m2,1441.2933424269509
2025-01-14,Cement making,Building,m3,1877.4091159889178
2025-11-21,Ballast,Railway,m3,3129.3422134721927
2025-10-30,Terrain leveling,Building,m3,4235.4161934206395
2025-09-03,Laying steel rail,Railway,m,3783.3731642043235
2025-03-07,Cement making,Building,m3,863.5433160324424
2025-08-04,Ballast,Railway,m3,1469.5356862087644
2025-10-22,Foundation pouring,Building,m3,1826.2464755007902
2025-02-23,Subbase application,Road,m2,4413.245508998215
2025-03-23,Pavement,Road,m2,569.2472389484882
2025-02-28,Ballast,Railway,m3,2603.669387992454
2025-10-01,Foundation pouring,Building,m3,4325.093551689846
2025-06-21,Coat preparation,Road,L,4960.975740621071
2025-05-14,Laying steel rail,Railway,m,3645.303503391399
2025-10-05,Coat preparation,Road,L,1468.3549033167997
2025-01-20,Rolling/Tractor,Road,m2,3035.6076758893323
2025-02-01,Subbase application,Road,m2,1899.5258897908075
2025-09-19,Foundation pouring,Building,m3,3015.0882166423526
2025-08-11,Subbase application,Road,m2,1745.250054305197
2025-09-24,Rolling/Tractor,Road,m2,4430.748032745933
2025-01-29,Terrain leveling,Building,m3,4125.064727488517
2025-09-04,Rolling/Tractor,Road,m2,1275.4709022365673
2025-04-11,Rolling/Tractor,Road,m2,4688.243213289749
2025-03-17,Iron mining,Railway,m3,2803.1015026589353
2025-02-12,Ballast,Railway,m3,195.44862072085945
2025-03-09,Terrain leveling,Building,m3,1367.4788943485466
2025-03-19,Walling,Building,m2,1923.6123405006033
2025-11-01,Laying steel rail,Railway,m,75.0873888939524
2025-02-24,Pavement,Road,m2,654.5749393066541
2025-09-25,Anchorage,Railway,m2,210.30071954687259
2025-10-14,Walling,Building,m2,2555.6463180222167
2025-08-29,Subbase application,Road,m2,129.12558593458357
2025-04-24,Removing trees,Building,m2,1109.571745959262
2025-06-29,Laying steel rail,Railway,m,317.3941259045332
2025-03-03,Removing trees,Building,m2,1633.8513534612514
2025-03-25,Terrain leveling,Building,m3,2952.4158669803874
2025-03-29,Foundation pouring,Building,m3,1185.7911186098786
2025-10-02,Anchorage,Railway,m2,3207.4152608782274
2025-01-17,Laying steel rail,Railway,m,480.2464406701806
2025-01-10,Anchorage,Railway,m2,4794.293687630051
2025-09-29,Anchorage,Railway,m2,3161.3356364297656
2025-05-10,Terrain leveling,Building,m3,2685.376000788628
2025-06-27,Iron mining,Railway,m3,4536.385423374591
2025-02-12,Laying steel rail,Railway,m,4406.203349568055
2025-10-06,Terrain leveling,Building,m3,1978.3513965437633
2025-01-28,Rolling/Tractor,Road,m2,800.8846265482789
2025-12-14,Terrain leveling,Building,m3,1269.626651969107
2025-12-10,Anchorage,Railway,m2,2275.144661108316
2025-06-27,Ballast,Railway,m3,442.5808711095508
2025-02-17,Ballast,Railway,m3,4490.518629036711
2025-01-08,Rolling/Tractor,Road,m2,4276.802020879363
2025-02-13,Cement making,Building,m3,4571.021358062748
2025-09-12,Subbase application,Road,m2,4755.677513686408
2025-02-15,Coat preparation,Road,L,1580.3250873114005
2025-04-26,Laying steel rail,Railway,m,40.8225507986798
2025-10-24,Rolling/Tractor,Road,m2,1306.6421010973156
2025-07-13,Iron mining,Railway,m3,1076.5389699537347
2025-05-11,Cement making,Building,m3,962.1393978259335
2025-11-22,Walling,Building,m2,831.8881745608209
2025-03-17,Terrain leveling,Building,m3,3956.1906174496157
2025-02-05,Removing trees,Building,m2,3578.4257580425865
2025-07-04,Removing trees,Building,m2,3363.8558018985527
2025-04-24,Terrain leveling,Building,m3,999.8543851357639
2025-09-28,Removing trees,Building,m2,1493.8063753470938
2025-12-09,Anchorage,Railway,m2,3457.8908760078443
2025-11-15,Removing trees,Building,m2,1208.9832946248614
2025-09-02,Rolling/Tractor,Road,m2,4377.938521502486
2025-07-12,Laying steel rail,Railway,m,498.48415586566495
2025-08-24,Cement making,Building,m3,1559.5502115795985
2025-02-24,Rolling/Tractor,Road,m2,3604.7603688759586
2025-02-25,Rolling/Tractor,Road,m2,2710.3345808088357
2025-03-16,Iron mining,Railway,m3,4624.8238773847315
2025-07-02,Laying steel rail,Railway,m,4707.485271678117
2025-07-24,Ballast,Railway,m3,510.8019185469198
2025-08-12,Terrain leveling,Building,m3,3927.434812780917
2025-11-04,Subbase application,Road,m2,1361.2293348147498
2025-11-16,Rolling/Tractor,Road,m2,2479.574758177546
2025-09-21,Coat preparation,Road,L,3621.694657508186
2025-06-06,Pavement,Road,m2,4722.242609355512
2025-03-16,Cement making,Building,m3,4587.977762303425
2025-08-21,Rolling/Tractor,Road,m2,2025.3113659533467
2025-01-20,Removing trees,Building,m2,447.151949414335
2025-11-08,Iron mining,Railway,m3,4230.1907889222075
2025-06-03,Foundation pouring,Building,m3,7.151777423072825
2025-10-12,Laying steel rail,Railway,m,3610.6659286506865
2025-10-15,Walling,Building,m2,2492.2870748034443
2025-02-03,Pavement,Road,m2,4681.9639877886575
2025-11-29,Terrain leveling,Building,m3,2044.7422109743707
2025-07-04,Laying steel rail,Railway,m,3875.32058448102
2025-12-20,Foundation pouring,Building,m3,3328.256596067489
2025-06-08,Ballast,Railway,m3,685.056880506017
2025-06-27,Coat preparation,Road,L,322.3069374744436
2025-11-13,Removing trees,Building,m2,2308.1003907564677
2025-05-13,Iron mining,Railway,m3,2699.97222913896
2025-01-27,Iron mining,Railway,m3,1294.6825476049667
2025-02-06,Rolling/Tractor,Road,m2,1261.3854159404013
2025-05-14,Foundation pouring,Building,m3,4185.688856312114
2025-07-28,Ballast,Railway,m3,3642.773936610112
2025-05-22,Iron mining,Railway,m3,3258.2762274971687
2025-09-18,Anchorage,Railway,m2,818.4408982659053
2025-01-02,Ballast,Railway,m3,177.72225183983582
2025-10-29,Subbase application,Road,m2,873.904333908752
2025-01-06,Cement making,Building,m3,4760.225559809244
2025-10-05,Walling,Building,m2,2751.4250852664745
2025-09-21,Cement making,Building,m3,3998.115903621176
2025-09-30,Laying steel rail,Railway,m,487.3157093781361
2025-06-19,Ballast,Railway,m3,1654.588968435124
2025-04-17,Terrain leveling,Building,m3,3191.125287206215
2025-07-04,Iron mining,Railway,m3,4877.981411579133
2025-06-14,Laying steel rail,Railway,m,3211.7923919258474
2025-08-11,Foundation pouring,Building,m3,2553.4488788844073
2025-11-15,Laying steel rail,Railway,m,1631.2792361672596
2025-11-19,Subbase application,Road,m2,1249.7531164573434
2025-11-13,Terrain leveling,Building,m3,1192.5597595174763
2025-02-09,Foundation pouring,Building,m3,237.1752872329691
2025-06-28,Pavement,Road,m2,761.0101676248581
2025-05-17,Foundation pouring,Building,m3,865.1496598501863
2025-11-15,Laying steel rail,Railway,m,1425.5018276406395
2025-06-28,Pavement,Road,m2,4670.262772814618
2025-02-12,Cement making,Building,m3,2841.456335457243
2025-10-25,Foundation pouring,Building,m3,621.3544444290525
2025-11-26,Ballast,Railway,m3,2610.801599856615
2025-09-21,Walling,Building,m2,2442.5339079459213
2025-12-02,Removing trees,Building,m2,3575.538266345078
2025-08-09,Removing trees,Building,m2,1640.3056454161886
2025-05-13,Cement making,Building,m3,1299.265464724186
2025-09-09,Iron mining,Railway,m3,3710.3856393444885
2025-11-30,Ballast,Railway,m3,635.6294585416583
2025-07-09,Anchorage,Railway,m2,1635.2450538748637
2025-09-25,Laying steel rail,Railway,m,2779.7864655670087
2025-06-25,Ballast,Railway,m3,686.3876055951679
2025-10-10,Iron mining,Railway,m3,3198.4640632124547
2025-12-12,Coat preparation,Road,L,2306.684181114196
2025-09-03,Iron mining,Railway,m3,2200.3487768484747
2025-02-18,Iron mining,Railway,m3,1417.9248972243313
2025-05-05,Coat preparation,Road,L,989.9368476130238
2025-04-24,Walling,Building,m2,4436.699611972841
2025-08-31,Ballast,Railway,m3,1927.668252619762
2025-02-03,Foundation pouring,Building,m3,4006.7104490031857
2025-09-26,Walling,Building,m2,1464.5219579492918
2025-08-24,Foundation pouring,Building,m3,2495.983358178719
2025-10-29,Iron mining,Railway,m3,2132.0123464653575
2025-08-24,Anchorage,Railway,m2,4550.874301534092
2025-07-10,Walling,Building,m2,1834.8535780244895
2025-09-05,Rolling/Tractor,Road,m2,3942.325728651872
2025-07-19,Rolling/Tractor,Road,m2,3033.935937220644
2025-04-26,Foundation pouring,Building,m3,1939.9704671418287
2025-06-22,Subbase application,Road,m2,3726.587450308289
2025-11-19,Laying steel rail,Railway,m,972.2218433822699
2025-03-07,Pavement,Road,m2,4168.614634023931
2025-06-16,Foundation pouring,Building,m3,4200.62499743206
2025-09-15,Anchorage,Railway,m2,2261.9775703215537
2025-08-27,Foundation pouring,Building,m3,4289.044902045113
2025-12-18,Anchorage,Railway,m2,3411.1547230486403
2025-03-07,Subbase application,Road,m2,4376.681374615143
2025-10-12,Iron mining,Railway,m3,3372.674692078967
2025-02-10,Terrain leveling,Building,m3,4471.742625601091
2025-06-22,Foundation pouring,Building,m3,1362.7010099132137
2025-03-09,Coat preparation,Road,L,3932.5819083538727
2025-02-17,Terrain leveling,Building,m3,3108.0746196504483
2025-10-29,Walling,Building,m2,1767.2662375786147
2025-06-12,Ballast,Railway,m3,22.36277425043842
2025-02-12,Foundation pouring,Building,m3,3392.3572340427118
2025-11-04,Ballast,Railway,m3,640.1131175745384
2025-05-19,Foundation pouring,Building,m3,4587.954132622707
2025-12-03,Ballast,Railway,m3,3463.9200281544136
2025-10-02,Coat preparation,Road,L,3368.9793829937626
2025-04-11,Walling,Building,m2,2568.72400364411
2025-06-22,Walling,Building,m2,671.8445786301613
2025-08-22,Laying steel rail,Railway,m,2498.9691046354233
2025-07-16,Walling,Building,m2,4299.963504700973
2025-03-01,Cement making,Building,m3,4.249677649453276
2025-05-24,Iron mining,Railway,m3,2759.4050220564027
2025-05-21,Pavement,Road,m2,39.613154899974525
2025-10-21,Cement making,Building,m3,84.99145963675181
2025-03-28,Terrain leveling,Building,m3,1743.9114639195152
2025-05-27,Removing trees,Building,m2,2754.419324679766
2025-11-22,Removing trees,Building,m2,4073.995082898392
2025-07-19,Coat preparation,Road,L,4419.958317935422
2025-02-12,Foundation pouring,Building,m3,1669.0178565062702
2025-12-04,Removing trees,Building,m2,4669.78464749749
2025-03-07,Pavement,Road,m2,836.9197875804563
2025-06-15,Iron mining,Railway,m3,3939.228176229238
2025-03-31,Rolling/Tractor,Road,m2,1267.9109360227785
2025-07-05,Cement making,Building,m3,2210.7256121397468
2025-09-28,Laying steel rail,Railway,m,1895.5044165094093
2025-10-07,Walling,Building,m2,4314.018434529488
2025-04-01,Rolling/Tractor,Road,m2,3936.717947432428
2025-10-09,Terrain leveling,Building,m3,1618.4433058851782
2025-03-22,Walling,Building,m2,476.2427719280432
2025-07-03,Foundation pouring,Building,m3,4209.713471021197
2025-07-24,Removing trees,Building,m2,1425.7995505287113
2025-02-23,Walling,Building,m2,4386.472233887777
2025-02-23,Pavement,Road,m2,4435.064856408984
2025-07-21,Ballast,Railway,m3,2478.5422716798284
2025-08-31,Laying steel rail,Railway,m,4484.352784210719
2025-05-26,Laying steel rail,Railway,m,2670.0272101842265
2025-05-20,Ballast,Railway,m3,815.9170350287243
2025-07-02,Walling,Building,m2,1156.4374805248551
2025-04-20,Cement making,Building,m3,4408.949850581539
2025-10-03,Cement making,Building,m3,2635.3811391875965
2025-07-21,Foundation pouring,Building,m3,4956.085106790574
2025-01-03,Ballast,Railway,m3,744.0250135573401
2025-03-24,Foundation pouring,Building,m3,4823.862622033057
2025-12-17,Subbase application,Road,m2,2641.819722879919
2025-05-09,Iron mining,Railway,m3,577.9259083325711
2025-03-08,Laying steel rail,Railway,m,4881.5778483004915
2025-12-01,Foundation pouring,Building,m3,3611.8431897899377
2025-06-05,Anchorage,Railway,m2,4012.9801705588425
2025-02-20,Cement making,Building,m3,1256.8711134311638
2025-08-02,Pavement,Road,m2,3876.398900908791
2025-04-30,Subbase application,Road,m2,3473.6023588329786
2025-05-31,Walling,Building,m2,2237.3851727739307
2025-05-13,Terrain leveling,Building,m3,3074.5083920735074
2025-03-22,Ballast,Railway,m3,608.4822180148536
2025-05-24,Iron mining,Railway,m3,1122.546504876653
2025-04-17,Walling,Building,m2,739.7451086265039
2025-09-19,Iron mining,Railway,m3,3153.245326610651
2025-04-10,Pavement,Road,m2,3126.4325588384013
2025-07-09,Terrain leveling,Building,m3,4618.405051636782
2025-09-19,Cement making,Building,m3,2885.106231777087
2025-07-21,Walling,Building,m2,4125.501376234463
2025-05-09,Removing trees,Building,m2,750.5081261576858
2025-04-30,Pavement,Road,m2,809.1991464577586
2025-12-11,Cement making,Building,m3,617.1821227179087
2025-04-14,Laying steel rail,Railway,m,415.57300032206314
2025-06-22,Cement making,Building,m3,4723.283315041018
2025-04-08,Foundation pouring,Building,m3,285.57622270034557
2025-07-23,Walling,Building,m2,90.21165847432233
2025-11-09,Subbase application,Road,m2,3506.260404785424
2025-03-21,Coat preparation,Road,L,390.81086598703297
2025-07-12,Subbase application,Road,m2,654.8501369595905
2025-04-14,Removing trees,Building,m2,830.4477785719166
2025-01-29,Subbase application,Road,m2,125.03834150238202
2025-03-26,Terrain leveling,Building,m3,558.2957343268807
2025-07-09,Cement making,Building,m3,314.1615316741275
2025-12-28,Removing trees,Building,m2,358.885273399131
2025-09-09,Cement making,Building,m3,4516.0028865715585
2025-08-02,Foundation pouring,Building,m3,4044.1763949055717
2025-10-23,Pavement,Road,m2,4242.991756737453
2025-06-08,Iron mining,Railway,m3,821.09669509987
2025-09-07,Foundation pouring,Building,m3,3664.0154278027617
2025-05-27,Subbase application,Road,m2,4555.141104020573
2025-12-23,Ballast,Railway,m3,644.8319732872549
2025-11-24,Walling,Building,m2,3003.0516689412148
2025-10-16,Rolling/Tractor,Road,m2,2506.4173023260428
2025-09-28,Ballast,Railway,m3,2821.9905646437983
2025-01-04,Cement making,Building,m3,2546.133515441511
2025-09-17,Rolling/Tractor,Road,m2,1163.553293757808
2025-08-14,Subbase application,Road,m2,4805.376968398245
2025-10-19,Anchorage,Railway,m2,4472.39031376321
2025-03-14,Pavement,Road,m2,1707.7315982319024
2025-03-20,Laying steel rail,Railway,m,4384.43231279234
2025-01-01,Walling,Building,m2,4460.382497449269
2025-03-18,Rolling/Tractor,Road,m2,2371.4395485310474
2025-06-25,Ballast,Railway,m3,3419.7582001159367
2025-10-04,Terrain leveling,Building,m3,1628.9001539081905
2025-03-30,Rolling/Tractor,Road,m2,1615.5845970099658
2025-07-22,Removing trees,Building,m2,134.61519957656265
2025-11-17,Terrain leveling,Building,m3,4935.628675736302
2025-04-28,Terrain leveling,Building,m3,3406.464753886388
2025-11-13,Subbase application,Road,m2,2960.640274752934
2025-02-05,Coat preparation,Road,L,3210.0347196340313
2025-08-25,Rolling/Tractor,Road,m2,2454.00550993995
2025-04-08,Rolling/Tractor,Road,m2,2869.57721980936
2025-02-20,Removing trees,Building,m2,1136.4052245031519
2025-02-24,Subbase application,Road,m2,338.1108329710897
2025-01-21,Coat preparation,Road,L,1679.7174934288728
2025-01-23,Coat preparation,Road,L,3312.679595566989
2025-05-06,Cement making,Building,m3,4138.265414063597
2025-10-01,Anchorage,Railway,m2,1326.5567422851566
2025-04-08,Anchorage,Railway,m2,85.42664547744604
2025-12-25,Ballast,Railway,m3,2408.5851549219556
2025-03-11,Removing trees,Building,m2,2060.0957618765106
2025-11-05,Terrain leveling,Building,m3,1927.333489680444
2025-12-21,Laying steel rail,Railway,m,55.41182474050332
2025-03-10,Foundation pouring,Building,m3,1100.1293232961368
2025-12-04,Iron mining,Railway,m3,440.77733871258295
2025-07-03,Foundation pouring,Building,m3,3169.510752422907
2025-06-24,Pavement,Road,m2,1121.1530899167583
2025-12-01,Anchorage,Railway,m2,1866.7869774117946
2025-01-06,Subbase application,Road,m2,1862.9018958462984
2025-07-27,Pavement,Road,m2,788.1483061734424
2025-11-24,Cement making,Building,m3,1495.474987020412
2025-05-06,Anchorage,Railway,m2,2106.460783163645
2025-01-19,Anchorage,Railway,m2,309.73565590877274
2025-08-27,Walling,Building,m2,394.18839509492875
2025-12-04,Rolling/Tractor,Road,m2,4077.824254018875
2025-11-13,Coat preparation,Road,L,3611.901309791336
2025-07-07,Cement making,Building,m3,1111.7121475064835
2025-04-26,Removing trees,Building,m2,753.9782665351297
2025-02-23,Pavement,Road,m2,37.830389086140336
2025-10-16,Pavement,Road,m2,3579.228341490172
2025-08-03,Walling,Building,m2,3107.6652438843666
2025-01-12,Ballast,Railway,m3,989.4293768570589
2025-05-26,Subbase application,Road,m2,3987.6161419214586
2025-09-28,Cement making,Building,m3,1262.781935372796
2025-08-31,Walling,Building,m2,3908.7143491315046
2025-10-03,Walling,Building,m2,2670.951023812414
2025-01-06,Removing trees,Building,m2,3625.3953679676215
2025-06-19,Laying steel rail,Railway,m,2286.037323862406
2025-09-29,Subbase application,Road,m2,3884.1531500630695
2025-09-26,Subbase application,Road,m2,4655.176028991868
2025-10-08,Pavement,Road,m2,3573.7170878743973
2025-04-27,Iron mining,Railway,m3,4732.576063152442
2025-10-28,Laying steel rail,Railway,m,4688.894316739822
2025-08-14,Anchorage,Railway,m2,2118.135831715262
2025-07-15,Ballast,Railway,m3,2945.28366642912
2025-03-03,Coat preparation,Road,L,2474.115918733129
2025-09-12,Cement making,Building,m3,3820.961892806594
2025-12-17,Anchorage,Railway,m2,1551.9157372012205
2025-04-27,Cement making,Building,m3,3947.592236766502
2025-05-11,Coat preparation,Road,L,1744.35603105205
2025-03-07,Ballast,Railway,m3,2835.224412278318
2025-11-29,Anchorage,Railway,m2,528.9642222953955
2025-02-15,Ballast,Railway,m3,4584.718419706395
2025-11-24,Anchorage,Railway,m2,1737.905479200877
2025-10-08,Foundation pouring,Building,m3,3446.0023623115067
2025-11-26,Anchorage,Railway,m2,4793.103578856436
2025-07-27,Coat preparation,Road,L,2230.381440161663
2025-04-03,Removing trees,Building,m2,4002.8179294712318
2025-02-07,Laying steel rail,Railway,m,2826.381959310241
2025-03-09,Removing trees,Building,m2,709.9288289089567
2025-07-11,Anchorage,Railway,m2,1531.0006677667536
2025-09-02,Rolling/Tractor,Road,m2,3603.2654336980495
2025-01-16,Laying steel rail,Railway,m,1956.010503430386
2025-03-26,Iron mining,Railway,m3,3301.660731265713
2025-04-11,Rolling/Tractor,Road,m2,4750.774066096334
2025-08-09,Ballast,Railway,m3,2455.640645730819
2025-07-24,Pavement,Road,m2,3881.845094308061
2025-04-16,Rolling/Tractor,Road,m2,4002.6535803031456
2025-09-29,Subbase application,Road,m2,292.8771614274078
2025-04-14,Pavement,Road,m2,1886.885309652504
2025-08-01,Rolling/Tractor,Road,m2,2237.7716092886585
2025-08-14,Coat preparation,Road,L,2901.639986214017
2025-03-28,Terrain leveling,Building,m3,721.7055061153571
2025-06-10,Laying steel rail,Railway,m,2328.099817189395
2025-11-05,Anchorage,Railway,m2,4319.20605468682
2025-06-17,Coat preparation,Road,L,2585.4289573281335
2025-10-15,Removing trees,Building,m2,170.64998269529897
2025-11-30,Cement making,Building,m3,3139.4983299650476
2025-11-01,Subbase application,Road,m2,2427.73510461948
2025-04-20,Iron mining,Railway,m3,4766.154716546053
2025-01-02,Terrain leveling,Building,m3,2548.2168288883468
2025-11-28,Subbase application,Road,m2,4864.529262290578
2025-03-14,Subbase application,Road,m2,2088.5487778741867
2025-07-22,Anchorage,Railway,m2,1660.3075870239347
2025-05-17,Anchorage,Railway,m2,1452.3735730560466
2025-07-20,Iron mining,Railway,m3,4731.490166702031
2025-09-22,Laying steel rail,Railway,m,1099.8644299989962
2025-08-14,Rolling/Tractor,Road,m2,1592.662816312046
2025-09-12,Laying steel rail,Railway,m,168.82381674683867
2025-10-04,Anchorage,Railway,m2,3960.2248616109027
2025-03-12,Pavement,Road,m2,4198.732637945061
2025-10-29,Subbase application,Road,m2,2521.8507735925837
2025-12-28,Iron mining,Railway,m3,563.4812057874489
2025-07-01,Coat preparation,Road,L,2389.495560959039
2025-07-20,Pavement,Road,m2,4421.566358767563
2025-02-02,Foundation pouring,Building,m3,3126.701326947595
2025-07-01,Walling,Building,m2,3082.7375422895993
2025-10-29,Coat preparation,Road,L,2117.3835699245856
2025-12-05,Pavement,Road,m2,4000.4264001491943
2025-08-04,Iron mining,Railway,m3,3753.6232154091535
2025-01-03,Removing trees,Building,m2,1447.1855647026182
2025-08-19,Terrain leveling,Building,m3,2242.5784422045335
2025-10-24,Removing trees,Building,m2,4867.5413403341145
2025-05-27,Anchorage,Railway,m2,3905.1635317776445
2025-07-05,Iron mining,Railway,m3,4965.2810450156685
2025-05-31,Laying steel rail,Railway,m,1408.6724941021455
2025-05-12,Anchorage,Railway,m2,1540.7375353680525
2025-08-12,Terrain leveling,Building,m3,4048.527066375522
2025-07-20,Anchorage,Railway,m2,3702.9972907904203
2025-01-19,Coat preparation,Road,L,3686.5882188065407
2025-06-11,Removing trees,Building,m2,2331.4004309950647
2025-05-23,Subbase application,Road,m2,2340.2138215339087
2025-01-20,Rolling/Tractor,Road,m2,2023.8454199725036
2025-04-12,Walling,Building,m2,1382.0203080772208
2025-04-26,Terrain leveling,Building,m3,3454.278106355851
2025-02-17,Foundation pouring,Building,m3,1399.0709143897718
2025-07-13,Terrain leveling,Building,m3,4260.7048553067025
2025-04-01,Laying steel rail,Railway,m,625.2852280951354
2025-01-31,Subbase application,Road,m2,4724.8929764152335
2025-12-09,Iron mining,Railway,m3,1514.933566039003
2025-08-30,Terrain leveling,Building,m3,2496.7289470562428
2025-07-26,Laying steel rail,Railway,m,2090.22612596306
2025-01-30,Terrain leveling,Building,m3,105.51322461774704
2025-09-30,Coat preparation,Road,L,4653.665692051907
2025-12-23,Coat preparation,Road,L,617.1590619904332
2025-02-10,Laying steel rail,Railway,m,4896.831258666362
2025-06-13,Foundation pouring,Building,m3,1404.5867698531722
2025-04-14,Subbase application,Road,m2,3311.791394848578
2025-03-28,Subbase application,Road,m2,947.2037277914363
2025-12-24,Walling,Building,m2,1678.9792593930385
2025-07-21,Ballast,Railway,m3,3947.234966160782
2025-10-09,Laying steel rail,Railway,m,4685.042831608459
2025-06-16,Foundation pouring,Building,m3,4913.20713883306
2025-03-21,Subbase application,Road,m2,1944.2363078881058
2025-12-01,Foundation pouring,Building,m3,4015.845707095156
2025-03-12,Foundation pouring,Building,m3,3745.03205332727
2025-02-27,Anchorage,Railway,m2,2255.1529739395387
2025-12-10,Anchorage,Railway,m2,4216.882260704744
2025-05-19,Iron mining,Railway,m3,4310.005249026027
2025-07-18,Rolling/Tractor,Road,m2,3666.8873125559894
2025-05-23,Pavement,Road,m2,4378.119461304895
2025-04-21,Laying steel rail,Railway,m,38.35752456645858
2025-10-21,Rolling/Tractor,Road,m2,593.9493071363245
2025-01-22,Anchorage,Railway,m2,3618.0775722259013
2025-05-21,Iron mining,Railway,m3,1458.6224834409134
2025-08-04,Ballast,Railway,m3,4701.073472009716
2025-07-18,Rolling/Tractor,Road,m2,87.41208820655987
2025-12-06,Removing trees,Building,m2,2204.78042961836
2025-06-23,Coat preparation,Road,L,4918.852116580397
2025-11-19,Coat preparation,Road,L,612.042878090499
2025-01-03,Anchorage,Railway,m2,12.196325605512426
2025-10-22,Anchorage,Railway,m2,4877.034283936385
2025-10-03,Cement making,Building,m3,1847.6310499144915
2025-11-10,Removing trees,Building,m2,4422.040475940003
2025-04-29,Laying steel rail,Railway,m,3031.9819485487774
2025-02-09,Iron mining,Railway,m3,317.54451973581786
2025-07-11,Ballast,Railway,m3,881.4905485874258
2025-05-11,Coat preparation,Road,L,3514.0133805985593
2025-01-03,Foundation pouring,Building,m3,116.8375377774139
2025-02-24,Anchorage,Railway,m2,4281.399684262101
2025-01-17,Subbase application,Road,m2,4962.582633414678
2025-12-28,Iron mining,Railway,m3,1121.2195877794234
2025-08-20,Ballast,Railway,m3,626.5932445409961
2025-02-04,Removing trees,Building,m2,4515.084811056895
2025-05-29,Terrain leveling,Building,m3,262.2160405591195
2025-02-05,Rolling/Tractor,Road,m2,2241.0780798645396
2025-05-31,Cement making,Building,m3,4138.680029927329
2025-08-23,Walling,Building,m2,2263.062188592445
2025-06-29,Pavement,Road,m2,2399.6238093238294
2025-03-12,Removing trees,Building,m2,4624.974833680377
2025-02-13,Pavement,Road,m2,3746.233744839764
2025-11-14,Walling,Building,m2,4468.821861916985
2025-12-09,Terrain leveling,Building,m3,895.1409827186479
2025-05-25,Rolling/Tractor,Road,m2,457.2751651595996
2025-06-25,Subbase application,Road,m2,1221.2092307121247
2025-07-21,Foundation pouring,Building,m3,1094.6892341825387
2025-11-20,Laying steel rail,Railway,m,575.291744518614
2025-04-25,Terrain leveling,Building,m3,4888.549952799251
2025-07-07,Terrain leveling,Building,m3,574.9459991152622
2025-12-22,Anchorage,Railway,m2,4020.8072568500766
2025-12-12,Anchorage,Railway,m2,4394.354644522569
2025-03-21,Terrain leveling,Building,m3,2358.5336645581046
2025-04-21,Coat preparation,Road,L,3155.068599893972
2025-06-30,Rolling/Tractor,Road,m2,2738.5951010461777
2025-05-19,Terrain leveling,Building,m3,852.7948393311557
2025-10-13,Pavement,Road,m2,633.5870543157785
2025-03-04,Subbase application,Road,m2,4492.804625400406
2025-10-15,Coat preparation,Road,L,2527.6179275155764
2025-09-29,Cement making,Building,m3,877.5246167820827
2025-02-05,Iron mining,Railway,m3,691.4476230799521
2025-08-22,Iron mining,Railway,m3,658.7448824711195
2025-04-15,Ballast,Railway,m3,2997.18431294492
2025-08-09,Rolling/Tractor,Road,m2,3682.2703531207007
2025-02-17,Iron mining,Railway,m3,3012.8062494803803
2025-10-05,Iron mining,Railway,m3,4897.768793214049
2025-02-09,Walling,Building,m2,3785.121728333785
2025-10-23,Subbase application,Road,m2,3748.3973939743555
2025-09-29,Cement making,Building,m3,2484.759214542
2025-08-11,Iron mining,Railway,m3,3795.2996278432333
2025-08-09,Cement making,Building,m3,4836.062847798178
2025-11-07,Ballast,Railway,m3,1657.3634989095915
2025-10-27,Anchorage,Railway,m2,4985.439628884491
2025-07-10,Terrain leveling,Building,m3,1177.2543739422624
2025-08-06,Pavement,Road,m2,1030.2079583313273
2025-06-18,Removing trees,Building,m2,65.54091513031767
2025-02-13,Anchorage,Railway,m2,3802.142564752021
2025-08-14,Removing trees,Building,m2,2364.9923861310563
2025-04-18,Subbase application,Road,m2,0.9121621804392133
2025-04-10,Walling,Building,m2,2640.4700524722125
2025-05-06,Iron mining,Railway,m3,3337.0135698218055
2025-07-30,Foundation pouring,Building,m3,1294.2688329777768
2025-03-21,Rolling/Tractor,Road,m2,2765.5781039462163
2025-09-05,Coat preparation,Road,L,3274.6740609801345
2025-12-28,Coat preparation,Road,L,1074.8818704443747
2025-04-20,Pavement,Road,m2,3363.6381811759766
2025-05-31,Iron mining,Railway,m3,4299.218892529828
2025-06-07,Foundation pouring,Building,m3,358.9884141939104
2025-08-13,Laying steel rail,Railway,m,1527.0720361302776
2025-03-22,Foundation pouring,Building,m3,2702.952701802192
2025-10-06,Iron mining,Railway,m3,403.68784933773827
2025-06-28,Cement making,Building,m3,1331.9261865130627
2025-05-23,Removing trees,Building,m2,2823.0399501804677
2025-05-17,Rolling/Tractor,Road,m2,3846.5440390399026
2025-06-03,Removing trees,Building,m2,3167.9540828941444
2025-09-05,Terrain leveling,Building,m3,1124.9226102949926
2025-04-09,Walling,Building,m2,2798.436606269236
2025-02-24,Rolling/Tractor,Road,m2,4558.371859351046
2025-01-25,Pavement,Road,m2,4975.937156319861
2025-07-09,Laying steel rail,Railway,m,4495.370680804523
2025-04-26,Terrain leveling,Building,m3,1823.7073470932214
2025-08-20,Subbase application,Road,m2,3787.86810285361
2025-01-25,Pavement,Road,m2,398.2960311843964
2025-02-11,Rolling/Tractor,Road,m2,1580.182059978118
2025-05-06,Laying steel rail,Railway,m,4231.595854768571
2025-01-27,Anchorage,Railway,m2,1435.40367853538
2025-07-17,Foundation pouring,Building,m3,1403.1995722220593
2025-08-20,Pavement,Road,m2,3312.176043049027
2025-09-05,Iron mining,Railway,m3,4034.9294235502157
2025-07-11,Pavement,Road,m2,4775.244138430104
2025-11-04,Cement making,Building,m3,4138.490566509045
2025-02-25,Laying steel rail,Railway,m,3619.920377405132
2025-05-30,Ballast,Railway,m3,3677.8167308133898
2025-03-07,Ballast,Railway,m3,21.562049570869046
2025-02-08,Pavement,Road,m2,73.78626394465626
2025-10-02,Laying steel rail,Railway,m,3578.7184293989017
2025-05-28,Subbase application,Road,m2,1833.9022009140792
2025-12-24,Laying steel rail,Railway,m,1629.516190836951
2025-03-04,Iron mining,Railway,m3,545.9419927422182
2025-12-19,Pavement,Road,m2,3896.2571351636143
2025-03-25,Foundation pouring,Building,m3,2754.5739491152626
2025-05-04,Ballast,Railway,m3,1498.6023615842698
2025-08-22,Terrain leveling,Building,m3,1724.937761904824
2025-04-14,Rolling/Tractor,Road,m2,1300.9994948235471
2025-12-29,Laying steel rail,Railway,m,378.03300611739144
2025-07-05,Removing trees,Building,m2,289.4275747015446
2025-07-12,Walling,Building,m2,1709.6288461752451
2025-04-27,Removing trees,Building,m2,1554.727875614335
2025-05-27,Iron mining,Railway,m3,336.8897015573552
2025-02-07,Pavement,Road,m2,3577.7543971276064
2025-07-21,Laying steel rail,Railway,m,2873.9369377364806
2025-10-04,Coat preparation,Road,L,1932.7130003014531
2025-03-06,Ballast,Railway,m3,2147.4577585648485
2025-09-03,Iron mining,Railway,m3,1551.1061644755325
2025-04-27,Removing trees,Building,m2,713.9377396576591
2025-06-25,Pavement,Road,m2,4105.80357731796
2025-08-27,Terrain leveling,Building,m3,2228.1780283839116
2025-10-24,Terrain leveling,Building,m3,2403.421874136972
2025-01-24,Pavement,Road,m2,294.93765230344246
2025-08-16,Rolling/Tractor,Road,m2,4418.303972306814
2025-04-23,Walling,Building,m2,977.6100277573813
2025-06-30,Terrain leveling,Building,m3,1502.1910987549336
2025-03-03,Iron mining,Railway,m3,2965.010446905405
2025-05-20,Ballast,Railway,m3,2583.825198208337
2025-09-08,Walling,Building,m2,3944.1863436859026
2025-06-06,Walling,Building,m2,790.1975212889051
2025-05-01,Removing trees,Building,m2,4287.602784153589
2025-03-27,Foundation pouring,Building,m3,1818.365039742935
2025-09-13,Rolling/Tractor,Road,m2,3140.4348499909725
2025-05-18,Terrain leveling,Building,m3,740.4449137918556
2025-11-07,Foundation pouring,Building,m3,4150.695524978545
2025-02-07,Coat preparation,Road,L,3395.697073161008
2025-10-01,Terrain leveling,Building,m3,4793.629906816533
2025-10-31,Anchorage,Railway,m2,508.03245854416144
2025-07-09,Cement making,Building,m3,1733.644100569535
2025-07-06,Removing trees,Building,m2,1544.7117608804344
2025-01-28,Coat preparation,Road,L,4282.841801225513
2025-08-06,Coat preparation,Road,L,716.6936498440218
2025-03-05,Terrain leveling,Building,m3,1455.2010069636096
2025-05-02,Walling,Building,m2,511.6813231043005
2025-05-13,Foundation pouring,Building,m3,2689.1119952587196
2025-10-07,Terrain leveling,Building,m3,2580.4081355324615
2025-05-19,Coat preparation,Road,L,1187.3598047590406
2025-11-21,Iron mining,Railway,m3,4482.4827947982185
2025-09-14,Anchorage,Railway,m2,2280.9898301887056
2025-07-03,Anchorage,Railway,m2,1791.9396533031722
2025-05-23,Iron mining,Railway,m3,899.5393511041639
2025-07-06,Foundation pouring,Building,m3,2900.6391022313046
2025-11-12,Subbase application,Road,m2,371.92225506990087
2025-09-01,Pavement,Road,m2,810.3511269370628
2025-01-07,Cement making,Building,m3,3496.2618115587193
2025-05-24,Pavement,Road,m2,3526.607363184591
2025-02-04,Anchorage,Railway,m2,2318.9990566155006
2025-11-16,Pavement,Road,m2,3848.490102536305
2025-02-06,Removing trees,Building,m2,4928.860619621214
2025-08-27,Coat preparation,Road,L,3362.0604306781597
2025-09-11,Pavement,Road,m2,4984.3098214752645
2025-12-28,Coat preparation,Road,L,4999.136467082446
2025-11-10,Anchorage,Railway,m2,2697.8869833194494
2025-01-10,Foundation pouring,Building,m3,3309.9844041332626
2025-02-20,Rolling/Tractor,Road,m2,1750.6820759409957
2025-03-09,Subbase application,Road,m2,1544.946092139508
2025-08-06,Anchorage,Railway,m2,617.7660792953905
2025-02-23,Coat preparation,Road,L,1157.2280294450243
2025-07-17,Terrain leveling,Building,m3,4172.821711330914
2025-11-11,Rolling/Tractor,Road,m2,1572.5229893806968
2025-01-20,Walling,Building,m2,3188.8870233031626
2025-11-07,Anchorage,Railway,m2,4150.716571596761
2025-03-02,Coat preparation,Road,L,3552.8894910595313
2025-08-16,Walling,Building,m2,2554.8946702390117
2025-02-22,Laying steel rail,Railway,m,114.69607363706224
2025-01-02,Laying steel rail,Railway,m,2091.8579107535325
2025-11-12,Foundation pouring,Building,m3,3156.303266292575
2025-02-06,Rolling/Tractor,Road,m2,579.363260848939
2025-09-23,Removing trees,Building,m2,412.48868780909163
2025-05-27,Anchorage,Railway,m2,4495.7431468559025
2025-04-25,Pavement,Road,m2,3429.062622249846
2025-03-26,Foundation pouring,Building,m3,3379.148328263086
2025-09-18,Subbase application,Road,m2,1196.4878232363042
2025-05-22,Laying steel rail,Railway,m,952.5608367655025
2025-05-17,Subbase application,Road,m2,3442.1522287455396
2025-12-14,Rolling/Tractor,Road,m2,4277.433849780475
2025-12-10,Cement making,Building,m3,3560.4205417282024
2025-04-03,Removing trees,Building,m2,2388.21646853103
2025-01-31,Iron mining,Railway,m3,1871.5874080738743
2025-05-31,Coat preparation,Road,L,3571.376312223259
2025-02-03,Coat preparation,Road,L,2054.1936886104927
2025-05-04,Walling,Building,m2,2449.4685546967044
2025-05-25,Ballast,Railway,m3,124.42110591599442
2025-03-05,Subbase application,Road,m2,3771.327659965222
2025-03-13,Pavement,Road,m2,35.39795599677542
2025-01-03,Anchorage,Railway,m2,2735.9630790201404
2025-02-09,Laying steel rail,Railway,m,3741.543826706454
2025-09-04,Pavement,Road,m2,466.96960997237915
2025-05-14,Laying steel rail,Railway,m,681.2563344524364
2025-01-12,Terrain leveling,Building,m3,3067.367468387223
2025-05-12,Subbase application,Road,m2,947.3611551058492
2025-02-11,Walling,Building,m2,1417.253734265988
2025-10-15,Removing trees,Building,m2,2670.261416807867
2025-12-14,Terrain leveling,Building,m3,3408.376987857355
2025-06-01,Pavement,Road,m2,4174.443770169351
2025-06-19,Removing trees,Building,m2,2754.9855853528297
2025-04-22,Laying steel rail,Railway,m,485.133825541294
2025-01-19,Subbase application,Road,m2,2477.685777777699
2025-09-26,Coat preparation,Road,L,1568.0029062415535
2025-01-31,Iron mining,Railway,m3,2959.586819739691
2025-07-20,Removing trees,Building,m2,1949.8612979148488
2025-02-23,Foundation pouring,Building,m3,4439.0854675658675
2025-09-25,Pavement,Road,m2,870.5509931216948
2025-04-27,Laying steel rail,Railway,m,2483.0143744727234
2025-01-24,Rolling/Tractor,Road,m2,4993.46725617019
2025-06-10,Rolling/Tractor,Road,m2,4413.674920960739
2025-02-27,Terrain leveling,Building,m3,2701.3648782983773
2025-03-12,Pavement,Road,m2,4614.011761833957
2025-07-19,Pavement,Road,m2,1731.782713022521
2025-09-02,Coat preparation,Road,L,861.7333296356194
2025-08-20,Walling,Building,m2,4078.3782666015195
2025-10-14,Pavement,Road,m2,1334.811785677596
2025-03-13,Removing trees,Building,m2,775.8865883088939
2025-07-20,Rolling/Tractor,Road,m2,3161.131834544515
2025-08-05,Walling,Building,m2,1081.8863371132097
2025-04-08,Coat preparation,Road,L,1562.1059511707913
2025-11-20,Walling,Building,m2,3212.0047544400045
2025-05-21,Walling,Building,m2,956.2277725804719
2025-07-26,Removing trees,Building,m2,1829.9539055072905
2025-10-27,Cement making,Building,m3,3270.5417497780104
2025-01-08,Ballast,Railway,m3,3952.54681606773
2025-12-09,Cement making,Building,m3,3067.0036493088132
2025-10-20,Laying steel rail,Railway,m,2424.6766824699353
2025-09-10,Ballast,Railway,m3,572.2026180206325
2025-10-04,Laying steel rail,Railway,m,3131.5876977379953
2025-05-17,Walling,Building,m2,2932.7895634406036
2025-01-17,Ballast,Railway,m3,4236.452241420558
2025-08-01,Ballast,Railway,m3,1869.4725033070297
2025-09-15,Removing trees,Building,m2,1910.4889023352862
2025-11-01,Ballast,Railway,m3,4718.219884027319
2025-05-31,Removing trees,Building,m2,820.1753375665793
2025-03-26,Pavement,Road,m2,711.380768428831
2025-03-15,Removing trees,Building,m2,3470.481174732987
2025-11-04,Walling,Building,m2,4331.152383914591
2025-07-22,Laying steel rail,Railway,m,1902.7813643986112
2025-11-03,Anchorage,Railway,m2,1964.970259173135
2025-09-12,Pavement,Road,m2,3098.919356042526
2025-12-06,Iron mining,Railway,m3,2693.0949837822086
2025-05-12,Foundation pouring,Building,m3,245.81625611731218
2025-02-20,Removing trees,Building,m2,2363.4237747868874
2025-05-21,Coat preparation,Road,L,1124.54812388684
2025-05-03,Walling,Building,m2,4662.254649623674
2025-01-06,Subbase application,Road,m2,4769.722966108606
2025-06-21,Iron mining,Railway,m3,1411.6336906657766
2025-04-22,Rolling/Tractor,Road,m2,4024.5021136149235
2025-07-10,Walling,Building,m2,1037.646302897749
2025-07-24,Iron mining,Railway,m3,128.28998887591482
2025-03-06,Iron mining,Railway,m3,1017.5904404066149
2025-04-30,Ballast,Railway,m3,2311.898153743657
2025-05-02,Removing trees,Building,m2,3069.768204142972
2025-09-08,Anchorage,Railway,m2,3942.215633528163
2025-09-05,Ballast,Railway,m3,74.41361647849033
2025-08-08,Subbase application,Road,m2,3817.7560342716592
2025-03-24,Laying steel rail,Railway,m,3869.1692239789577
2025-01-06,Anchorage,Railway,m2,3139.99895220283
2025-05-02,Cement making,Building,m3,3543.044164421177
2025-04-16,Removing trees,Building,m2,2704.6229305710663
2025-09-30,Ballast,Railway,m3,4038.807413991205
2025-01-23,Subbase application,Road,m2,312.37892152842505
2025-12-19,Removing trees,Building,m2,4379.561026442239
2025-12-15,Ballast,Railway,m3,2991.652231527057
2025-11-05,Coat preparation,Road,L,4759.415444504615
2025-09-17,Anchorage,Railway,m2,4663.296717046929
2025-04-21,Rolling/Tractor,Road,m2,913.7812326034261
2025-05-03,Coat preparation,Road,L,532.0285296794691
2025-10-31,Removing trees,Building,m2,429.16168785625206
2025-01-06,Foundation pouring,Building,m3,35.868175207161016
2025-12-28,Subbase application,Road,m2,2017.2477983810272
2025-10-30,Cement making,Building,m3,4263.504960335231
2025-02-03,Cement making,Building,m3,4799.715936196171
2025-02-07,Subbase application,Road,m2,4606.107966792494
2025-01-31,Subbase application,Road,m2,2598.9044192190436
2025-10-28,Foundation pouring,Building,m3,1151.458665437976
2025-06-15,Pavement,Road,m2,4360.395654053266
2025-03-22,Terrain leveling,Building,m3,3170.156871494342
2025-10-12,Rolling/Tractor,Road,m2,2635.702985012107
2025-08-22,Foundation pouring,Building,m3,4561.249648933759
2025-03-02,Cement making,Building,m3,500.39457135891195
2025-11-27,Walling,Building,m2,3502.520873665127
2025-04-06,Terrain leveling,Building,m3,4083.083260781034
2025-09-24,Terrain leveling,Building,m3,2832.8008709870405
2025-11-03,Ballast,Railway,m3,2726.1609508152674
2025-10-05,Coat preparation,Road,L,3033.33790376101
2025-01-09,Ballast,Railway,m3,1616.709654602192
2025-11-22,Iron mining,Railway,m3,3585.2021301035047
2025-07-18,Terrain leveling,Building,m3,3926.8144802105057
2025-08-07,Removing trees,Building,m2,1081.9466422490243
2025-10-09,Coat preparation,Road,L,232.04767111080827
2025-02-04,Anchorage,Railway,m2,4752.771442564572
2025-04-01,Terrain leveling,Building,m3,365.0636026425874
2025-04-01,Terrain leveling,Building,m3,92.03972213709721
2025-05-09,Rolling/Tractor,Road,m2,272.30460550844936
2025-10-29,Coat preparation,Road,L,546.391804083608
2025-05-21,Ballast,Railway,m3,3724.401084483606
2025-10-27,Ballast,Railway,m3,1740.4399442132
2025-04-13,Coat preparation,Road,L,3467.956146813706
2025-01-25,Cement making,Building,m3,4445.071703733278
2025-01-19,Anchorage,Railway,m2,165.42955895369914
2025-01-03,Laying steel rail,Railway,m,437.04901403932683
2025-11-08,Foundation pouring,Building,m3,2052.5262735917922
2025-04-09,Iron mining,Railway,m3,1952.5643152277978
2025-05-11,Anchorage,Railway,m2,1934.9868888027722
2025-07-15,Cement making,Building,m3,2597.7727203720024
2025-05-24,Cement making,Building,m3,1969.4825876180755
2025-04-08,Anchorage,Railway,m2,3202.50928101055
2025-04-25,Terrain leveling,Building,m3,631.3132250805603
2025-02-13,Removing trees,Building,m2,155.23565135034002
2025-03-21,Terrain leveling,Building,m3,604.0528918609572
2025-06-28,Rolling/Tractor,Road,m2,4562.945766835903
2025-12-01,Subbase application,Road,m2,2756.8199262127437
2025-09-18,Iron mining,Railway,m3,1073.8577936394256
2025-06-09,Pavement,Road,m2,4361.467860816055
2025-06-08,Foundation pouring,Building,m3,4177.178995098298
2025-11-09,Anchorage,Railway,m2,2687.092716690994
2025-05-18,Terrain leveling,Building,m3,3156.371402485675
2025-03-28,Removing trees,Building,m2,1769.5761840819603
2025-03-21,Ballast,Railway,m3,3882.8629014067096
2025-04-10,Cement making,Building,m3,650.5809021053982
2025-11-04,Foundation pouring,Building,m3,168.1130181161278
2025-06-14,Laying steel rail,Railway,m,3608.9762972061635
2025-08-11,Rolling/Tractor,Road,m2,4174.7963514089
2025-03-27,Walling,Building,m2,3747.994693277396
2025-05-17,Laying steel rail,Railway,m,1263.43862007747
2025-08-21,Terrain leveling,Building,m3,2867.753135999161
2025-02-10,Pavement,Road,m2,4819.313170644089
2025-07-21,Pavement,Road,m2,1443.752832820499
2025-07-25,Pavement,Road,m2,875.3611785228577
2025-08-09,Foundation pouring,Building,m3,4080.6038065693933
2025-05-02,Cement making,Building,m3,1389.2772282562826
2025-04-12,Cement making,Building,m3,3333.8939546574875
2025-05-23,Foundation pouring,Building,m3,1625.0211848224876
2025-05-27,Ballast,Railway,m3,3843.5810141438224
2025-05-10,Pavement,Road,m2,2368.578489163206
2025-12-12,Cement making,Building,m3,1335.6851311766122
2025-03-06,Foundation pouring,Building,m3,2421.860276774005
2025-04-21,Walling,Building,m2,1995.8799234943804
2025-07-30,Ballast,Railway,m3,2573.6585718005617
2025-02-06,Iron mining,Railway,m3,753.7295757922235
2025-10-03,Removing trees,Building,m2,2758.3706007149603
2025-01-09,Walling,Building,m2,1129.0370955422109
2025-03-09,Foundation pouring,Building,m3,1456.9755158945418
2025-11-03,Removing trees,Building,m2,4955.699027198237
2025-11-28,Rolling/Tractor,Road,m2,2255.0558808792075
2025-07-18,Coat preparation,Road,L,721.6074540981976
2025-05-28,Ballast,Railway,m3,4393.452764792662
2025-08-21,Iron mining,Railway,m3,1637.8836951891578
2025-10-19,Walling,Building,m2,1781.7438808015052
2025-06-14,Removing trees,Building,m2,1303.829507644913
2025-06-23,Ballast,Railway,m3,1305.8375609841382
2025-02-24,Iron mining,Railway,m3,4876.5747489265195
2025-02-18,Subbase application,Road,m2,3970.6508807718737
2025-05-27,Coat preparation,Road,L,3631.98460490867
2025-07-27,Subbase application,Road,m2,4958.529770402196
2025-03-20,Foundation pouring,Building,m3,1345.86432241443
2025-09-02,Terrain leveling,Building,m3,1644.6036972399158
2025-08-13,Subbase application,Road,m2,2896.101349594581
2025-09-27,Iron mining,Railway,m3,941.8210739465138
2025-06-13,Walling,Building,m2,1235.766718280238
2025-11-17,Walling,Building,m2,2610.585704609972
2025-08-29,Terrain leveling,Building,m3,3497.3519606031323
2025-07-25,Subbase application,Road,m2,2779.6215435672866
2025-08-28,Foundation pouring,Building,m3,4526.638242728782
2025-07-13,Terrain leveling,Building,m3,3414.2773230403723
2025-10-03,Subbase application,Road,m2,912.931774691863
2025-02-19,Ballast,Railway,m3,3723.630059982217
2025-08-11,Terrain leveling,Building,m3,1366.6891612582804
2025-06-15,Removing trees,Building,m2,3015.523408825369
2025-12-11,Coat preparation,Road,L,3616.4090056050204
2025-10-22,Subbase application,Road,m2,1645.540166193472
2025-12-04,Walling,Building,m2,1358.955570635275
2025-12-20,Subbase application,Road,m2,4927.665249052804
2025-01-04,Anchorage,Railway,m2,4940.478328592195
2025-05-08,Walling,Building,m2,6.253280114520421
2025-12-13,Removing trees,Building,m2,592.4161150232383
2025-11-25,Rolling/Tractor,Road,m2,3165.431987661912
2025-12-06,Walling,Building,m2,2156.7434875557997
2025-01-02,Terrain leveling,Building,m3,1167.2072161255392
2025-05-18,Anchorage,Railway,m2,2249.0111735373584
2025-09-01,Anchorage,Railway,m2,3366.596860395718
2025-11-30,Rolling/Tractor,Road,m2,2903.6049308983697
2025-06-20,Coat preparation,Road,L,3313.8076193101174
2025-03-08,Removing trees,Building,m2,1584.1402800669835
2025-08-24,Anchorage,Railway,m2,691.859395812724
2025-06-10,Ballast,Railway,m3,2418.5178333758745
2025-11-01,Walling,Building,m2,3984.5845223678066
2025-01-06,Walling,Building,m2,4012.786342687195
2025-07-20,Anchorage,Railway,m2,565.4228265444289
2025-11-22,Terrain leveling,Building,m3,3824.837075219646
2025-02-26,Foundation pouring,Building,m3,1642.0799822938332
2025-08-24,Pavement,Road,m2,936.7332471346401
2025-08-10,Removing trees,Building,m2,1995.4939651730253
2025-06-28,Pavement,Road,m2,2986.15550615005
2025-07-25,Laying steel rail,Railway,m,1882.6013950380216
2025-05-31,Pavement,Road,m2,1820.4144797596832
2025-01-20,Ballast,Railway,m3,1109.4414775152966
2025-09-19,Coat preparation,Road,L,4172.490907789391
2025-10-15,Removing trees,Building,m2,1761.8641932131545
2025-08-23,Coat preparation,Road,L,2863.752254912988
2025-07-16,Walling,Building,m2,4652.604107444142
2025-08-31,Foundation pouring,Building,m3,2982.871997838925
2025-02-26,Rolling/Tractor,Road,m2,4312.173437166487
2025-03-09,Removing trees,Building,m2,2429.913915461765
2025-03-31,Rolling/Tractor,Road,m2,4532.750943779374
2025-08-20,Coat preparation,Road,L,3637.8167538836396
2025-05-22,Cement making,Building,m3,644.183880505187
2025-10-19,Walling,Building,m2,1164.235821895175
2025-06-12,Pavement,Road,m2,43.95121295079241
2025-05-04,Anchorage,Railway,m2,3892.8940538569573
2025-01-05,Walling,Building,m2,4062.403891753339
2025-01-31,Rolling/Tractor,Road,m2,487.6327833524413
2025-11-13,Terrain leveling,Building,m3,4174.121091339513
2025-08-30,Anchorage,Railway,m2,2431.0043109261087
2025-06-03,Pavement,Road,m2,4378.497040810866
2025-10-16,Ballast,Railway,m3,1863.6330731516605
2025-04-22,Iron mining,Railway,m3,4389.769674660223
2025-07-26,Walling,Building,m2,666.209701103101
2025-06-25,Removing trees,Building,m2,1080.0643075762384
2025-03-15,Cement making,Building,m3,922.7485064895496
2025-07-29,Cement making,Building,m3,1499.4794510430281
2025-02-11,Coat preparation,Road,L,3435.8899657633383
2025-11-24,Removing trees,Building,m2,1204.974939669683
2025-11-24,Walling,Building,m2,181.20981322442498
2025-06-18,Ballast,Railway,m3,2624.407090948526
2025-10-12,Ballast,Railway,m3,1070.695022417638
2025-08-28,Walling,Building,m2,1682.4453654026865
2025-11-08,Rolling/Tractor,Road,m2,1713.1668573316194
2025-11-22,Walling,Building,m2,949.6050618052437
2025-07-04,Iron mining,Railway,m3,3813.2123001555124
2025-04-20,Anchorage,Railway,m2,1531.9494409649126
2025-03-14,Cement making,Building,m3,1726.276054115649
2025-05-27,Terrain leveling,Building,m3,794.2190603904248
2025-07-16,Rolling/Tractor,Road,m2,3506.4590197053226
2025-02-25,Pavement,Road,m2,1659.6744618347075
2025-01-21,Terrain leveling,Building,m3,2550.163260269579
2025-10-12,Iron mining,Railway,m3,1621.6225269179956
2025-05-03,Anchorage,Railway,m2,1892.258514393706
2025-03-18,Subbase application,Road,m2,4059.623024727433
2025-05-03,Terrain leveling,Building,m3,4075.5770437595247
2025-10-13,Subbase application,Road,m2,3912.3125534404626
2025-12-17,Anchorage,Railway,m2,4747.2520989165105
2025-11-22,Pavement,Road,m2,3012.590855187208
2025-09-06,Subbase application,Road,m2,1179.1102168824325
2025-09-18,Removing trees,Building,m2,3342.8924755454777
2025-05-10,Anchorage,Railway,m2,1440.7454861562253
2025-10-21,Foundation pouring,Building,m3,3381.1341324049145
2025-03-24,Terrain leveling,Building,m3,1134.1938823058117
2025-12-16,Pavement,Road,m2,2453.730746912841
2025-08-22,Subbase application,Road,m2,323.78141902445753
2025-02-15,Foundation pouring,Building,m3,322.27515689227494
2025-10-13,Cement making,Building,m3,443.63579571877256
2025-09-08,Removing trees,Building,m2,945.8892757182819
2025-05-19,Foundation pouring,Building,m3,1652.7797218838114
2025-07-04,Rolling/Tractor,Road,m2,682.0727325038096
2025-02-09,Laying steel rail,Railway,m,3932.2948402812235
2025-04-21,Cement making,Building,m3,1924.673119863325
2025-02-07,Pavement,Road,m2,1513.7759187285344
2025-01-31,Foundation pouring,Building,m3,3997.324159095228
2025-08-18,Anchorage,Railway,m2,310.55531581179685
2025-08-06,Iron mining,Railway,m3,1802.662749721589
2025-10-09,Laying steel rail,Railway,m,2444.7396570160545
2025-05-20,Pavement,Road,m2,409.5388574696368
2025-10-09,Laying steel rail,Railway,m,2760.08350321016
2025-02-16,Anchorage,Railway,m2,1189.3458201959484
2025-03-10,Subbase application,Road,m2,4153.646684460232
2025-02-20,Pavement,Road,m2,3894.9668506121216
2025-05-09,Rolling/Tractor,Road,m2,402.9208304535742
2025-11-15,Removing trees,Building,m2,2927.4750734644717
2025-01-27,Walling,Building,m2,898.9240780810453
2025-03-25,Iron mining,Railway,m3,2031.8388184484731
2025-12-17,Foundation pouring,Building,m3,1793.2860861066756
2025-01-08,Removing trees,Building,m2,1488.0347967463165
2025-11-08,Removing trees,Building,m2,736.5845420991424
2025-04-29,Subbase application,Road,m2,3062.1140647777306
2025-05-29,Walling,Building,m2,4818.532365828479
2025-05-09,Terrain leveling,Building,m3,206.20830687465786
2025-06-14,Foundation pouring,Building,m3,944.8098622102946
2025-05-17,Anchorage,Railway,m2,2259.912109565468
2025-03-15,Cement making,Building,m3,3611.521844497915
2025-10-27,Pavement,Road,m2,4329.995327806835
2025-04-18,Laying steel rail,Railway,m,3511.939455641596
2025-06-30,Foundation pouring,Building,m3,2592.436083984678
2025-02-23,Walling,Building,m2,2261.2538446508884
2025-09-04,Foundation pouring,Building,m3,3561.135264274749
2025-12-23,Ballast,Railway,m3,4617.764557957384
2025-08-01,Coat preparation,Road,L,4351.582926052333
2025-07-13,Cement making,Building,m3,2261.9010488063764
2025-08-17,Laying steel rail,Railway,m,2694.753085801778
2025-05-17,Cement making,Building,m3,2550.7257386446026
2025-08-18,Ballast,Railway,m3,4845.561724776943
2025-03-16,Ballast,Railway,m3,762.4785062238509
2025-10-27,Cement making,Building,m3,3109.6482404616636
2025-11-16,Anchorage,Railway,m2,4485.054656059498
2025-08-27,Removing trees,Building,m2,2369.7308352286373
2025-01-09,Removing trees,Building,m2,4770.193144899641
2025-06-25,Subbase application,Road,m2,1225.4089907201044
2025-10-17,Cement making,Building,m3,3992.0962833303784
2025-12-15,Anchorage,Railway,m2,3524.493042033883
2025-07-24,Foundation pouring,Building,m3,2520.0864922934834
2025-06-28,Walling,Building,m2,2625.5389347446508
2025-03-08,Iron mining,Railway,m3,3078.9966013893113
2025-08-08,Iron mining,Railway,m3,4515.472326747595
2025-11-29,Laying steel rail,Railway,m,2251.9101264284604
2025-09-26,Coat preparation,Road,L,2347.542433220398
2025-06-29,Subbase application,Road,m2,4935.629775921204
2025-12-09,Pavement,Road,m2,357.32861731446184
2025-05-27,Coat preparation,Road,L,632.2388513222671
2025-05-30,Removing trees,Building,m2,2861.4230828352584
2025-07-31,Pavement,Road,m2,1427.0917300125197
2025-06-21,Iron mining,Railway,m3,907.4495319976139
2025-10-18,Walling,Building,m2,3025.6477045089414
2025-03-05,Pavement,Road,m2,1497.3060513384169
2025-02-06,Cement making,Building,m3,2694.274661883424
2025-04-17,Rolling/Tractor,Road,m2,4379.390501220403
2025-03-15,Laying steel rail,Railway,m,753.3525304540561
2025-11-23,Coat preparation,Road,L,3540.9044426962137
2025-04-26,Removing trees,Building,m2,18.989761159790007
2025-03-13,Foundation pouring,Building,m3,2428.3184723696277
2025-04-05,Terrain leveling,Building,m3,1381.028667070372
2025-05-02,Foundation pouring,Building,m3,892.3067534703245
2025-08-06,Subbase application,Road,m2,2372.793643385842
2025-07-19,Iron mining,Railway,m3,1061.8466200079547
2025-08-14,Subbase application,Road,m2,1949.5980373436512
2025-02-26,Coat preparation,Road,L,4079.070712920023
2025-05-19,Foundation pouring,Building,m3,1800.1254925483845
2025-01-26,Walling,Building,m2,3509.529959784748
2025-10-03,Rolling/Tractor,Road,m2,1903.5917212295856
2025-09-25,Anchorage,Railway,m2,2528.865836285976
2025-06-05,Laying steel rail,Railway,m,2986.5525844100116
2025-12-02,Coat preparation,Road,L,4782.924722135369
2025-02-25,Subbase application,Road,m2,2281.2657939869828
2025-02-12,Laying steel rail,Railway,m,4339.916216008759
2025-06-08,Pavement,Road,m2,3031.8704603887304
2025-09-13,Coat preparation,Road,L,2975.498526677391
2025-10-20,Coat preparation,Road,L,508.9710678301701
2025-11-21,Iron mining,Railway,m3,2339.2518099111394
2025-08-24,Cement making,Building,m3,3585.4968980125245
2025-05-20,Ballast,Railway,m3,4387.809041676443
2025-08-09,Iron mining,Railway,m3,889.343647035708
2025-12-01,Terrain leveling,Building,m3,2989.2841113903633
2025-03-08,Removing trees,Building,m2,4108.045516362769
2025-07-26,Coat preparation,Road,L,3318.2523225638947
2025-08-19,Terrain leveling,Building,m3,4588.707803586144
2025-04-14,Subbase application,Road,m2,3692.4811259659064
2025-12-26,Walling,Building,m2,2098.16022249938
2025-03-28,Coat preparation,Road,L,2833.316462092366
2025-11-10,Terrain leveling,Building,m3,4613.649060787768
2025-04-02,Laying steel rail,Railway,m,2251.9230077958346
2025-02-10,Coat preparation,Road,L,3667.636120162273
2025-06-19,Terrain leveling,Building,m3,23.656858447294038
2025-11-26,Iron mining,Railway,m3,920.0390332677661
2025-09-17,Ballast,Railway,m3,4672.278446394324
2025-11-04,Cement making,Building,m3,860.5482002422077
2025-09-04,Cement making,Building,m3,3163.4425749812635
2025-06-27,Iron mining,Railway,m3,3419.861027788019
2025-02-12,Rolling/Tractor,Road,m2,4131.2499575216625
2025-10-23,Rolling/Tractor,Road,m2,593.5556665746105
2025-07-29,Terrain leveling,Building,m3,3820.3081066385603
2025-03-28,Laying steel rail,Railway,m,1242.0079852903636
2025-09-17,Terrain leveling,Building,m3,4815.791983948629
2025-07-20,Laying steel rail,Railway,m,4044.741979631913
2025-01-03,Removing trees,Building,m2,4311.874156527361
2025-02-19,Pavement,Road,m2,162.79384487307925
2025-11-12,Pavement,Road,m2,4400.416602099936
2025-05-12,Subbase application,Road,m2,4737.299949555745
2025-11-15,Walling,Building,m2,4972.187799992083
2025-07-03,Foundation pouring,Building,m3,1650.238293681935
2025-12-04,Terrain leveling,Building,m3,3246.6570051263266
2025-06-28,Laying steel rail,Railway,m,3452.063695105976
2025-07-16,Pavement,Road,m2,1477.5608032020543
2025-11-08,Terrain leveling,Building,m3,1463.2581993764188
2025-06-24,Terrain leveling,Building,m3,1923.2681049675964
2025-05-20,Ballast,Railway,m3,3459.335511827656
2025-01-30,Removing trees,Building,m2,4986.173644167974
2025-03-29,Anchorage,Railway,m2,3212.7167456187954
2025-08-12,Removing trees,Building,m2,1386.0006049847962
2025-11-30,Rolling/Tractor,Road,m2,385.6502966314079
2025-06-05,Ballast,Railway,m3,2069.4380398607536
2025-09-11,Laying steel rail,Railway,m,2725.851899592361
2025-05-23,Anchorage,Railway,m2,2113.792870003058
2025-11-04,Rolling/Tractor,Road,m2,2325.0680744309034
2025-06-13,Coat preparation,Road,L,2355.500825944748
2025-08-07,Coat preparation,Road,L,2458.928290804362
2025-09-17,Rolling/Tractor,Road,m2,4674.983191564572
2025-06-23,Cement making,Building,m3,2567.2760836815532
2025-11-04,Walling,Building,m2,4466.399149389066
2025-03-23,Pavement,Road,m2,1575.0240178344027
2025-06-18,Laying steel rail,Railway,m,4592.653091303606
2025-09-08,Walling,Building,m2,4546.232043883091
2025-01-24,Foundation pouring,Building,m3,210.26525876787994
2025-09-07,Foundation pouring,Building,m3,1644.6862335229468
2025-02-17,Cement making,Building,m3,3992.468187471139
2025-10-31,Walling,Building,m2,1313.2708738822812
2025-04-25,Walling,Building,m2,3088.6052430744576
2025-11-15,Cement making,Building,m3,236.75809569485838
2025-10-24,Coat preparation,Road,L,1349.3932017492139
2025-10-29,Subbase application,Road,m2,7.546956097817525
2025-05-28,Laying steel rail,Railway,m,4996.065656362958
2025-03-13,Laying steel rail,Railway,m,4945.002632989448
2025-03-04,Removing trees,Building,m2,3701.4154235992964
2025-12-10,Pavement,Road,m2,434.3753162057373
2025-02-01,Foundation pouring,Building,m3,4526.2307090982395
2025-04-12,Anchorage,Railway,m2,3643.2152368619204
2025-08-22,Removing trees,Building,m2,2968.9164519907167
2025-02-23,Coat preparation,Road,L,968.4833820838957
2025-05-28,Pavement,Road,m2,1551.8754343924734
2025-09-23,Foundation pouring,Building,m3,2977.341646562292
2025-04-07,Foundation pouring,Building,m3,4507.592004977012
2025-10-12,Walling,Building,m2,4574.378453494968
2025-11-23,Anchorage,Railway,m2,721.7363522917575
2025-11-15,Coat preparation,Road,L,1287.683817435321
2025-03-21,Cement making,Building,m3,1730.827395213118
2025-06-22,Terrain leveling,Building,m3,2779.9824781987954
2025-03-26,Terrain leveling,Building,m3,1208.2397055927086
2025-03-09,Cement making,Building,m3,4307.600357152779
2025-06-07,Cement making,Building,m3,564.1926591928459
2025-08-14,Foundation pouring,Building,m3,952.3804225550003
2025-07-06,Rolling/Tractor,Road,m2,1451.7633764909992
2025-07-21,Pavement,Road,m2,2107.1766763495903
2025-09-20,Iron mining,Railway,m3,1640.230174035856
2025-10-04,Pavement,Road,m2,4205.973307850919
2025-07-07,Pavement,Road,m2,776.8905662910574
2025-01-30,Laying steel rail,Railway,m,3841.1594096162544
2025-02-18,Subbase application,Road,m2,1505.9652472819162
2025-03-13,Rolling/Tractor,Road,m2,4723.5245397768995
2025-10-10,Ballast,Railway,m3,4604.743763636062
2025-02-22,Foundation pouring,Building,m3,2920.0223295815813
2025-08-09,Ballast,Railway,m3,1698.5784850027592
2025-11-10,Terrain leveling,Building,m3,3189.530366538223
2025-10-08,Coat preparation,Road,L,1552.8752319350747
2025-09-27,Ballast,Railway,m3,4251.349450321471
2025-06-07,Coat preparation,Road,L,1346.434304351251
2025-04-15,Coat preparation,Road,L,4423.0425173471795
2025-03-28,Ballast,Railway,m3,4000.318450063263
2025-11-20,Terrain leveling,Building,m3,2195.7917040506104
2025-08-04,Subbase application,Road,m2,4973.171624624761
2025-08-22,Coat preparation,Road,L,153.51711349842535
2025-03-24,Foundation pouring,Building,m3,3700.2892882110127
2025-09-09,Cement making,Building,m3,2847.6749868784073
2025-08-23,Pavement,Road,m2,2421.8163899214546
2025-08-02,Ballast,Railway,m3,208.45605218069662
2025-06-21,Subbase application,Road,m2,746.660083482113
2025-05-05,Removing trees,Building,m2,2184.905333013051
2025-07-29,Laying steel rail,Railway,m,2273.8875377920176
2025-05-11,Iron mining,Railway,m3,2175.557159547361
2025-04-21,Cement making,Building,m3,2642.7100251650777
2025-09-03,Removing trees,Building,m2,2536.1405818867293
2025-11-15,Ballast,Railway,m3,3815.2208975764847
2025-11-30,Walling,Building,m2,3864.7793149403647
2025-08-28,Subbase application,Road,m2,381.7903082217433
2025-04-06,Iron mining,Railway,m3,3685.264483263586
2025-12-17,Subbase application,Road,m2,495.7498429688034
2025-07-13,Walling,Building,m2,2627.178653610392
2025-06-13,Cement making,Building,m3,329.4231267335418
2025-02-28,Coat preparation,Road,L,1774.0229720890054
2025-02-18,Rolling/Tractor,Road,m2,4944.7309607152465
2025-02-01,Subbase application,Road,m2,787.5651714998927
2025-02-14,Subbase application,Road,m2,4294.988995538344
2025-06-02,Ballast,Railway,m3,3973.2500756107834
2025-04-14,Laying steel rail,Railway,m,1935.920611804594
2025-09-17,Rolling/Tractor,Road,m2,2116.973703787953
2025-02-16,Walling,Building,m2,498.5369007839846
2025-04-02,Ballast,Railway,m3,4671.432573927653
2025-11-27,Subbase application,Road,m2,1248.9562786045517
2025-01-02,Pavement,Road,m2,408.64022300642233
2025-10-12,Laying steel rail,Railway,m,174.38711745463797
2025-06-22,Terrain leveling,Building,m3,4676.432831686277
2025-01-21,Cement making,Building,m3,2143.7127855837703
2025-11-22,Subbase application,Road,m2,2827.6190087594987
2025-01-25,Rolling/Tractor,Road,m2,3308.077210315089
2025-05-06,Anchorage,Railway,m2,3642.008227660048
2025-06-06,Ballast,Railway,m3,153.65425041358128
2025-11-12,Terrain leveling,Building,m3,2779.3706400825076
2025-10-25,Iron mining,Railway,m3,2476.8366948623466
2025-04-06,Walling,Building,m2,2615.338545808131
2025-03-30,Removing trees,Building,m2,112.21709813829028
2025-06-23,Iron mining,Railway,m3,4586.598678550146
2025-03-01,Coat preparation,Road,L,956.1565831121067
2025-12-25,Subbase application,Road,m2,3255.0892743301315
2025-12-16,Pavement,Road,m2,1753.010608130064
2025-06-25,Cement making,Building,m3,276.3039890830088
2025-12-08,Cement making,Building,m3,166.15357892508175
2025-03-03,Pavement,Road,m2,2891.612846280256
2025-11-06,Terrain leveling,Building,m3,870.1358602767478
2025-01-08,Iron mining,Railway,m3,2260.475830246232
2025-08-04,Walling,Building,m2,2161.313007438308
2025-09-20,Coat preparation,Road,L,191.70796093416098
2025-11-12,Foundation pouring,Building,m3,4889.175228233137
2025-01-12,Iron mining,Railway,m3,4644.030404303766
2025-01-22,Laying steel rail,Railway,m,215.82459661457943
2025-06-18,Pavement,Road,m2,4749.92759396199
2025-05-31,Rolling/Tractor,Road,m2,1782.418587112875
2025-03-12,Walling,Building,m2,312.5541239485802
2025-01-13,Rolling/Tractor,Road,m2,4624.10999116148
2025-12-04,Anchorage,Railway,m2,456.7471248957172
2025-04-21,Cement making,Building,m3,563.6453933572943
2025-11-22,Anchorage,Railway,m2,840.1060316305392
2025-05-05,Laying steel rail,Railway,m,1622.274111612541
2025-09-15,Laying steel rail,Railway,m,1990.9748098587509
2025-06-10,Walling,Building,m2,118.29200961141484
2025-08-31,Anchorage,Railway,m2,1613.7746697097073
2025-01-30,Walling,Building,m2,841.0925350790194
2025-12-08,Walling,Building,m2,1249.6053708766603
2025-09-29,Anchorage,Railway,m2,864.0915505230496
2025-05-06,Cement making,Building,m3,396.8846679753801
2025-10-23,Terrain leveling,Building,m3,924.7835058148629
2025-09-06,Ballast,Railway,m3,962.8900933033597
2025-02-22,Subbase application,Road,m2,695.2795634931364
2025-11-11,Pavement,Road,m2,3846.6915941592406
2025-03-08,Ballast,Railway,m3,3892.193317302598
2025-11-20,Anchorage,Railway,m2,1145.7148773036467
2025-10-07,Removing trees,Building,m2,2840.2186939854596
2025-02-22,Coat preparation,Road,L,3265.098026044428
2025-01-25,Cement making,Building,m3,1478.15725431311
2025-05-24,Walling,Building,m2,408.45011862733037
2025-11-26,Rolling/Tractor,Road,m2,3657.802710552403
2025-10-04,Walling,Building,m2,3092.370244700546
2025-10-14,Coat preparation,Road,L,1072.6823611085379
2025-02-17,Ballast,Railway,m3,3491.2545299246513
2025-09-17,Iron mining,Railway,m3,3012.2563703664996
2025-06-07,Cement making,Building,m3,3354.0316291184854
2025-10-02,Rolling/Tractor,Road,m2,4974.229061837115
2025-02-10,Walling,Building,m2,3695.3877737665534
2025-05-26,Rolling/Tractor,Road,m2,3698.9589992645474
2025-03-26,Rolling/Tractor,Road,m2,440.05038866028355
2025-06-15,Cement making,Building,m3,4490.75332827489
2025-03-02,Rolling/Tractor,Road,m2,4163.403408016382
2025-03-13,Cement making,Building,m3,4445.67285556112
2025-06-11,Pavement,Road,m2,4233.138367265181
2025-11-17,Subbase application,Road,m2,4958.302292327087
2025-07-12,Coat preparation,Road,L,207.16919342454898
2025-04-11,Laying steel rail,Railway,m,3284.0701510590425
2025-08-04,Rolling/Tractor,Road,m2,3709.420881218369
2025-02-07,Anchorage,Railway,m2,4001.841088668751
2025-05-28,Foundation pouring,Building,m3,1098.4763892344745
2025-08-11,Cement making,Building,m3,4575.705644266198
2025-11-08,Subbase application,Road,m2,2709.933329649919
2025-02-02,Coat preparation,Road,L,3336.6182713778403
2025-06-30,Subbase application,Road,m2,3921.5749463861057
2025-10-27,Terrain leveling,Building,m3,3684.593477260895
2025-04-23,Removing trees,Building,m2,2625.3462596020154
2025-09-21,Walling,Building,m2,4100.764266898361
2025-03-23,Cement making,Building,m3,4240.287830049923
2025-01-16,Walling,Building,m2,3215.302423264815
2025-12-01,Walling,Building,m2,4249.014514814721
2025-06-18,Rolling/Tractor,Road,m2,2120.945910912556
2025-11-03,Rolling/Tractor,Road,m2,3454.431305985115
2025-01-23,Terrain leveling,Building,m3,3880.991291433651
2025-01-30,Subbase application,Road,m2,2034.8924451765033
2025-03-13,Foundation pouring,Building,m3,2642.785889424503
2025-02-08,Ballast,Railway,m3,811.0857210629713
2025-04-02,Subbase application,Road,m2,1430.0671652595759
2025-08-08,Pavement,Road,m2,447.05299633925443
2025-07-12,Laying steel rail,Railway,m,3906.3871671512557
2025-05-02,Coat preparation,Road,L,4095.833453537497
2025-02-08,Walling,Building,m2,3643.151435861941
2025-09-19,Subbase application,Road,m2,4006.4918246518105
2025-12-26,Terrain leveling,Building,m3,514.686317233476
2025-11-12,Walling,Building,m2,2057.400150722471
2025-09-07,Iron mining,Railway,m3,3213.803539983528
2025-05-21,Rolling/Tractor,Road,m2,28.595394866713363
2025-06-30,Subbase application,Road,m2,828.4909989204492
2025-09-30,Coat preparation,Road,L,3616.2053143972043
2025-11-02,Cement making,Building,m3,3346.952506572758
2025-07-22,Terrain leveling,Building,m3,901.0945567616429
2025-12-16,Walling,Building,m2,2626.941997248095
2025-04-04,Pavement,Road,m2,3873.150302134172
2025-08-17,Cement making,Building,m3,3148.250912681756
2025-07-05,Foundation pouring,Building,m3,1077.5237612778783
2025-11-20,Anchorage,Railway,m2,2995.77030011622
2025-08-03,Anchorage,Railway,m2,4869.539478321055
2025-03-04,Cement making,Building,m3,4335.568572014021
2025-04-24,Rolling/Tractor,Road,m2,2755.147753991409
2025-07-01,Cement making,Building,m3,1848.1045528551233
2025-05-15,Iron mining,Railway,m3,4952.353555715613
2025-12-09,Subbase application,Road,m2,4480.605238450925
2025-09-30,Foundation pouring,Building,m3,3469.015833754722
2025-02-23,Iron mining,Railway,m3,3643.716075242055
2025-12-14,Ballast,Railway,m3,4471.161419512627
2025-06-05,Laying steel rail,Railway,m,4884.105591432231
2025-08-04,Ballast,Railway,m3,3565.2474858136125
2025-09-09,Terrain leveling,Building,m3,3752.4722938623713
2025-09-28,Pavement,Road,m2,2373.780214575948
2025-02-01,Foundation pouring,Building,m3,3302.420308794351
2025-01-21,Ballast,Railway,m3,1716.8490226304373
2025-10-24,Walling,Building,m2,4506.400686877551
2025-07-21,Subbase application,Road,m2,3077.3607602258057
2025-09-08,Laying steel rail,Railway,m,3076.164663343886
2025-07-24,Terrain leveling,Building,m3,2314.3061843297965
2025-05-11,Walling,Building,m2,1302.14989560966
2025-01-24,Walling,Building,m2,769.8979096661008
2025-04-03,Removing trees,Building,m2,763.4812490979454
2025-08-08,Foundation pouring,Building,m3,4700.892762147911
2025-06-01,Coat preparation,Road,L,1151.7665674147881
2025-12-04,Iron mining,Railway,m3,4044.234501103393
2025-02-03,Coat preparation,Road,L,4150.925241465016
2025-05-08,Cement making,Building,m3,829.0807340536305
2025-01-06,Ballast,Railway,m3,4834.58873732883
2025-09-26,Ballast,Railway,m3,2482.4490898188646
2025-11-29,Rolling/Tractor,Road,m2,1504.2452390968751
2025-02-09,Terrain leveling,Building,m3,4989.632918299626
2025-02-20,Pavement,Road,m2,4276.691590619148
2025-04-19,Ballast,Railway,m3,3493.0853719132765
2025-05-22,Foundation pouring,Building,m3,1129.3416231012998
2025-04-09,Terrain leveling,Building,m3,1808.903938492984
2025-03-05,Anchorage,Railway,m2,3976.7012280382805
2025-12-10,Iron mining,Railway,m3,2357.0061380121037
2025-01-23,Ballast,Railway,m3,2740.4431059247177
2025-06-20,Removing trees,Building,m2,1722.5711409845935
2025-11-16,Subbase application,Road,m2,4207.926862052015
2025-09-09,Rolling/Tractor,Road,m2,1059.7187729943641
2025-05-06,Anchorage,Railway,m2,3778.047747261152
2025-12-21,Pavement,Road,m2,1615.462745367528
2025-07-26,Rolling/Tractor,Road,m2,4356.644851069799
2025-10-18,Anchorage,Railway,m2,2078.846364134659
2025-11-25,Pavement,Road,m2,4683.435159940132
2025-01-19,Rolling/Tractor,Road,m2,2267.343557460434
2025-05-12,Foundation pouring,Building,m3,2104.9992787521383
2025-03-13,Foundation pouring,Building,m3,1854.9824669031746
2025-09-13,Cement making,Building,m3,2219.5625271600443
2025-01-08,Removing trees,Building,m2,3663.468493570014
2025-02-24,Rolling/Tractor,Road,m2,3234.367728144132
2025-09-18,Anchorage,Railway,m2,202.49249592230566
2025-11-24,Foundation pouring,Building,m3,4229.91503468153
2025-03-15,Iron mining,Railway,m3,4116.402850166216
2025-04-14,Anchorage,Railway,m2,2611.1737603963043
2025-06-30,Ballast,Railway,m3,1413.893123872617
2025-10-23,Subbase application,Road,m2,2747.3907916313833
2025-07-13,Laying steel rail,Railway,m,4502.06140886778
2025-12-14,Subbase application,Road,m2,4422.009757712418
2025-03-29,Iron mining,Railway,m3,277.2608810904759
2025-04-23,Subbase application,Road,m2,104.55538543251319
2025-10-26,Coat preparation,Road,L,4738.106215996121
2025-10-08,Pavement,Road,m2,3948.56731607161
2025-02-01,Subbase application,Road,m2,1660.69272573387
2025-03-19,Pavement,Road,m2,4654.612320882504
2025-12-09,Iron mining,Railway,m3,926.7939781532797
2025-03-30,Foundation pouring,Building,m3,4115.254220470901
2025-10-17,Terrain leveling,Building,m3,721.1616439736646
2025-08-27,Terrain leveling,Building,m3,3889.1896920362883
2025-01-18,Walling,Building,m2,3347.055299009194
2025-07-23,Pavement,Road,m2,2703.5111527315726
2025-10-17,Rolling/Tractor,Road,m2,2167.1785966367675
2025-08-26,Iron mining,Railway,m3,3134.5545353988537
2025-12-16,Terrain leveling,Building,m3,2712.0366585859783
2025-06-07,Laying steel rail,Railway,m,506.722751926032
2025-03-14,Laying steel rail,Railway,m,1345.4955056427375
2025-10-18,Laying steel rail,Railway,m,2622.122791096032
2025-05-20,Cement making,Building,m3,4808.528395733982
2025-09-08,Ballast,Railway,m3,1798.2516111109542
2025-06-29,Cement making,Building,m3,2231.6517416002316
2025-06-08,Iron mining,Railway,m3,4562.13972156009
2025-04-07,Coat preparation,Road,L,1803.649396594434
2025-10-14,Cement making,Building,m3,1302.5064515019196
2025-11-02,Rolling/Tractor,Road,m2,2682.488791348156
2025-07-09,Laying steel rail,Railway,m,4901.165091004586
2025-11-14,Foundation pouring,Building,m3,2141.852552422341
2025-08-31,Walling,Building,m2,1395.0862469302622
2025-02-15,Rolling/Tractor,Road,m2,555.8261808939791
2025-01-16,Iron mining,Railway,m3,1714.5041781634168
2025-07-30,Iron mining,Railway,m3,61.76356792088888
2025-11-10,Foundation pouring,Building,m3,4512.92979061043
2025-12-04,Iron mining,Railway,m3,518.313383169981
2025-10-18,Anchorage,Railway,m2,3673.9835792281733
2025-02-02,Foundation pouring,Building,m3,337.55603967573103
2025-04-29,Pavement,Road,m2,3729.0272215221985
2025-06-21,Foundation pouring,Building,m3,547.0434769952936
2025-05-23,Ballast,Railway,m3,2739.479683130146
2025-02-17,Foundation pouring,Building,m3,3893.517105872028
2025-02-20,Anchorage,Railway,m2,4138.637593231406
2025-03-10,Terrain leveling,Building,m3,4283.831837871075
2025-03-01,Iron mining,Railway,m3,149.3631224243136
2025-01-21,Foundation pouring,Building,m3,453.14692390021725
2025-11-11,Walling,Building,m2,4115.086494318777
2025-04-09,Iron mining,Railway,m3,523.1364459737015
2025-03-28,Rolling/Tractor,Road,m2,3930.533286233393
2025-08-13,Ballast,Railway,m3,365.5870936821154
2025-05-29,Subbase application,Road,m2,3623.101267135559
2025-10-29,Cement making,Building,m3,4205.415135639529
2025-10-29,Iron mining,Railway,m3,4512.972472670231
2025-06-09,Walling,Building,m2,4202.36108948704
2025-10-19,Removing trees,Building,m2,1626.276136171379
2025-07-17,Pavement,Road,m2,4347.285467736383
2025-07-08,Subbase application,Road,m2,2616.7580250441724
2025-03-21,Ballast,Railway,m3,636.3635194747363
2025-10-17,Ballast,Railway,m3,1192.6372042536204
2025-10-25,Foundation pouring,Building,m3,3368.1736894986475
2025-07-15,Terrain leveling,Building,m3,381.2286666464371
2025-07-06,Rolling/Tractor,Road,m2,502.7221156665918
2025-10-28,Iron mining,Railway,m3,4188.41799517214
2025-05-04,Laying steel rail,Railway,m,4270.210530170381
2025-09-12,Subbase application,Road,m2,2726.5088935531667
2025-04-11,Ballast,Railway,m3,2797.6079109358016
2025-06-30,Pavement,Road,m2,2455.030585344975
2025-08-31,Rolling/Tractor,Road,m2,2093.9474046899086
2025-03-22,Laying steel rail,Railway,m,1176.852703682777
2025-10-17,Anchorage,Railway,m2,1696.2598264526619
2025-10-04,Anchorage,Railway,m2,4087.8562202134553
2025-03-20,Coat preparation,Road,L,4007.0449920647493
2025-05-24,Removing trees,Building,m2,1833.277070447371
2025-08-20,Anchorage,Railway,m2,2465.4404364253455
2025-08-01,Iron mining,Railway,m3,1877.8598544022318
2025-04-09,Subbase application,Road,m2,3286.397168693649
2025-12-12,Ballast,Railway,m3,2859.7111953399885
2025-05-31,Foundation pouring,Building,m3,3408.2274216802657
2025-02-23,Rolling/Tractor,Road,m2,1138.1657191140027
2025-02-18,Walling,Building,m2,1326.2316293983938
2025-10-17,Anchorage,Railway,m2,4742.397518809843
2025-11-03,Removing trees,Building,m2,710.4995994227037
2025-07-13,Subbase application,Road,m2,1017.6138685991787
2025-07-24,Subbase application,Road,m2,3645.542778881937
2025-10-31,Cement making,Building,m3,3696.537505733415
2025-06-18,Rolling/Tractor,Road,m2,3258.663672277798
2025-02-21,Subbase application,Road,m2,2001.9518819403181
2025-08-16,Anchorage,Railway,m2,677.7872851528799
2025-10-05,Foundation pouring,Building,m3,4927.182032899191
2025-08-12,Anchorage,Railway,m2,167.1179267680767
2025-04-07,Laying steel rail,Railway,m,2620.696355919216
2025-01-04,Iron mining,Railway,m3,1904.0898002271083
2025-10-06,Walling,Building,m2,3003.125994937744
2025-01-18,Rolling/Tractor,Road,m2,4891.643403285208
2025-09-26,Terrain leveling,Building,m3,413.83378953555814
2025-05-26,Subbase application,Road,m2,2638.278661639815
2025-07-12,Pavement,Road,m2,1373.0726575125145
2025-05-01,Walling,Building,m2,1411.357218801537
2025-11-06,Iron mining,Railway,m3,967.4118841929908
2025-02-26,Removing trees,Building,m2,1487.8904718191043
2025-03-10,Rolling/Tractor,Road,m2,2042.5927729206921
2025-09-11,Rolling/Tractor,Road,m2,37.05913422732188
2025-07-18,Terrain leveling,Building,m3,4300.705455573509
2025-10-01,Anchorage,Railway,m2,3199.853452086609
2025-05-25,Subbase application,Road,m2,4638.409157463256
2025-06-18,Foundation pouring,Building,m3,2947.748140219887
2025-03-21,Rolling/Tractor,Road,m2,80.02547773782621
2025-10-20,Foundation pouring,Building,m3,1252.8806703273776
2025-04-28,Coat preparation,Road,L,1513.297880196119
2025-05-06,Pavement,Road,m2,2569.7787767346667
2025-07-29,Laying steel rail,Railway,m,2045.3684769894826
2025-05-31,Laying steel rail,Railway,m,2180.670430804408
2025-11-21,Cement making,Building,m3,2190.403264756402
2025-02-22,Cement making,Building,m3,4394.576341395014
2025-06-15,Foundation pouring,Building,m3,2665.9919852257212
2025-07-12,Subbase application,Road,m2,4200.838905977263
2025-07-05,Walling,Building,m2,1310.0210732986889
2025-02-14,Subbase application,Road,m2,4781.021402204137
2025-10-12,Removing trees,Building,m2,1389.6300078068052
2025-09-30,Terrain leveling,Building,m3,1284.071692853624
2025-04-05,Iron mining,Railway,m3,4324.914982867325
2025-05-02,Rolling/Tractor,Road,m2,3707.560671285115
2025-08-04,Rolling/Tractor,Road,m2,3917.446701673171
2025-07-24,Foundation pouring,Building,m3,326.30857686560324
2025-07-21,Walling,Building,m2,4491.986019511863
2025-07-25,Ballast,Railway,m3,2326.7981773131423
2025-05-12,Coat preparation,Road,L,722.960586050524
2025-05-31,Foundation pouring,Building,m3,3583.8418173708487
2025-03-28,Pavement,Road,m2,3228.623638453796
2025-04-15,Anchorage,Railway,m2,531.7648148656679
2025-12-15,Iron mining,Railway,m3,538.0522678453848
2025-05-02,Iron mining,Railway,m3,997.0294944384594
2025-04-16,Rolling/Tractor,Road,m2,3641.326680826153
2025-01-25,Pavement,Road,m2,568.257462694432
2025-12-25,Laying steel rail,Railway,m,3752.8034563399665
2025-11-12,Subbase application,Road,m2,2462.897406242896
2025-06-30,Terrain leveling,Building,m3,3992.1870600094085
2025-04-03,Rolling/Tractor,Road,m2,4021.589220063131
2025-06-15,Rolling/Tractor,Road,m2,1618.2953988778208
2025-02-14,Laying steel rail,Railway,m,3520.220986289855
2025-10-07,Laying steel rail,Railway,m,4045.589089684605
2025-08-19,Subbase application,Road,m2,1268.7821784136177
2025-07-12,Coat preparation,Road,L,4802.63144522079
2025-05-23,Anchorage,Railway,m2,4282.750095911126
2025-03-27,Iron mining,Railway,m3,2632.984665778896
2025-08-15,Coat preparation,Road,L,4718.684013818887
2025-05-07,Ballast,Railway,m3,4230.326565509569
2025-08-22,Ballast,Railway,m3,797.060912723756
2025-09-14,Walling,Building,m2,4387.862259239536
2025-04-14,Pavement,Road,m2,4862.681002006902
2025-11-27,Anchorage,Railway,m2,3233.8439631507367
2025-06-20,Removing trees,Building,m2,311.08705278533597
2025-09-23,Cement making,Building,m3,2436.0352699932732
2025-12-16,Anchorage,Railway,m2,1327.6290644612677
2025-06-23,Laying steel rail,Railway,m,2863.4378561121243
2025-07-15,Pavement,Road,m2,2217.7042815956615
2025-02-27,Walling,Building,m2,1878.1328835407069
2025-08-27,Ballast,Railway,m3,4760.316995119754
2025-02-26,Iron mining,Railway,m3,1737.5979177726535
2025-09-15,Subbase application,Road,m2,4684.813651925211
2025-11-26,Rolling/Tractor,Road,m2,1171.6860230446264
2025-08-21,Iron mining,Railway,m3,4479.2228958415435
2025-12-05,Walling,Building,m2,3071.270466527457
2025-01-14,Pavement,Road,m2,3199.1853880940535
2025-07-15,Anchorage,Railway,m2,9.456266527351765
2025-08-16,Walling,Building,m2,1404.5189125414543
2025-10-22,Walling,Building,m2,4492.666565252198
2025-08-23,Rolling/Tractor,Road,m2,1435.9008966053889
2025-03-09,Anchorage,Railway,m2,2998.6648965333325
2025-01-01,Laying steel rail,Railway,m,821.2263496414051
2025-08-02,Coat preparation,Road,L,951.8483497505221
2025-05-01,Anchorage,Railway,m2,2018.5460836439056
2025-06-18,Terrain leveling,Building,m3,3372.5382470029585
2025-01-29,Laying steel rail,Railway,m,43.11688977818917
2025-03-28,Cement making,Building,m3,2435.420047060885
2025-02-04,Iron mining,Railway,m3,4857.381496111171
2025-03-14,Rolling/Tractor,Road,m2,111.09003681656515
2025-04-06,Cement making,Building,m3,2026.4023660316948
2025-02-02,Iron mining,Railway,m3,1331.529137193982
2025-05-20,Coat preparation,Road,L,3843.5361495021625
2025-01-03,Removing trees,Building,m2,212.32193682262647
2025-01-26,Coat preparation,Road,L,2432.4486942821986
2025-07-02,Foundation pouring,Building,m3,4138.020931176765
2025-12-06,Cement making,Building,m3,3736.839059279007
2025-02-12,Rolling/Tractor,Road,m2,438.0313409702069
2025-08-15,Terrain leveling,Building,m3,4557.69818887183
2025-02-25,Laying steel rail,Railway,m,3773.967634224502
2025-03-19,Removing trees,Building,m2,3113.2271498815862
2025-05-13,Terrain leveling,Building,m3,4660.171245504172
2025-01-08,Anchorage,Railway,m2,3936.677156145461
2025-11-06,Subbase application,Road,m2,2040.929287394319
2025-06-13,Foundation pouring,Building,m3,1234.7335388177955
2025-08-27,Coat preparation,Road,L,3954.216349447237
2025-03-23,Terrain leveling,Building,m3,2280.411179365183
2025-04-06,Iron mining,Railway,m3,1785.1857956761019
2025-11-20,Coat preparation,Road,L,1670.8854794025663
2025-01-17,Coat preparation,Road,L,1825.24780246054
2025-09-17,Removing trees,Building,m2,3737.7667887676657
2025-12-28,Iron mining,Railway,m3,35.81042945135171
2025-08-18,Cement making,Building,m3,3434.907197660623
2025-01-26,Walling,Building,m2,1410.4751015395457
2025-12-21,Cement making,Building,m3,261.18420908372184
2025-02-26,Anchorage,Railway,m2,1835.8416155563973
2025-10-13,Rolling/Tractor,Road,m2,1301.44661300864
2025-01-10,Removing trees,Building,m2,178.67291478855407
2025-03-30,Iron mining,Railway,m3,2120.958240903114
2025-09-06,Foundation pouring,Building,m3,4644.9386988245
2025-01-16,Rolling/Tractor,Road,m2,844.6133010604134
2025-08-16,Walling,Building,m2,542.518022330109
2025-06-03,Coat preparation,Road,L,4343.672971117171
2025-09-05,Foundation pouring,Building,m3,71.79214050282101
2025-10-25,Subbase application,Road,m2,575.9353418227387
2025-07-14,Removing trees,Building,m2,1914.068750372877
2025-02-19,Subbase application,Road,m2,50.589074884019865
2025-04-21,Coat preparation,Road,L,3293.1925463165803
2025-03-14,Foundation pouring,Building,m3,3371.4143761294163
2025-06-07,Cement making,Building,m3,1066.638767780555
2025-01-21,Foundation pouring,Building,m3,2340.729354867747
2025-11-14,Walling,Building,m2,834.0429294459467
2025-09-12,Iron mining,Railway,m3,2155.176573530217
2025-05-17,Anchorage,Railway,m2,3218.072582161486
2025-04-27,Rolling/Tractor,Road,m2,2501.1015613345226
2025-06-18,Coat preparation,Road,L,4418.733131447413
2025-07-06,Walling,Building,m2,554.2901936263333
2025-07-22,Anchorage,Railway,m2,1020.9390396203916
2025-11-09,Walling,Building,m2,3932.944974132179
2025-05-18,Pavement,Road,m2,2359.1792807957186
2025-06-20,Laying steel rail,Railway,m,2955.137569210873
2025-12-17,Laying steel rail,Railway,m,2634.4186931534714
2025-09-10,Subbase application,Road,m2,3258.0818501006547
2025-11-05,Laying steel rail,Railway,m,418.4605409313563
2025-04-11,Iron mining,Railway,m3,76.30205292069647
2025-11-02,Foundation pouring,Building,m3,3260.665024255845
2025-12-15,Rolling/Tractor,Road,m2,2613.3979136578673
2025-07-25,Anchorage,Railway,m2,1281.3718848838296
2025-10-20,Walling,Building,m2,826.2492871969534
2025-07-10,Walling,Building,m2,1955.180101574826
2025-06-03,Iron mining,Railway,m3,154.17601333505615
2025-09-27,Iron mining,Railway,m3,674.3421931860594
2025-04-01,Ballast,Railway,m3,3836.1549778015174
2025-11-06,Ballast,Railway,m3,2166.2530261581246
2025-08-06,Removing trees,Building,m2,4268.447342608438
2025-12-03,Pavement,Road,m2,3807.050472091613
2025-11-14,Foundation pouring,Building,m3,2649.046700050975
2025-01-13,Rolling/Tractor,Road,m2,322.7648920475501
2025-03-22,Ballast,Railway,m3,954.7238559417037
2025-01-08,Foundation pouring,Building,m3,3156.7060772924756
2025-10-13,Pavement,Road,m2,2106.0037707604597
2025-11-08,Ballast,Railway,m3,1872.6756263296973
2025-12-02,Walling,Building,m2,3234.418650343637
2025-08-27,Coat preparation,Road,L,2683.3404613295816
2025-10-04,Terrain leveling,Building,m3,4998.474898423591
2025-12-05,Subbase application,Road,m2,3476.261137619981
2025-04-17,Removing trees,Building,m2,1357.9565481129935
2025-07-27,Foundation pouring,Building,m3,4350.593281591923
2025-08-08,Subbase application,Road,m2,2552.8447196810835
2025-10-12,Ballast,Railway,m3,3578.6827698116263
2025-03-27,Walling,Building,m2,2920.024088224914
2025-06-12,Terrain leveling,Building,m3,331.3548754463752
2025-09-11,Subbase application,Road,m2,4779.203045806614
2025-09-11,Foundation pouring,Building,m3,1325.7228515307918
2025-08-18,Ballast,Railway,m3,2824.60072605088
2025-05-05,Terrain leveling,Building,m3,3501.2634661686075
2025-08-16,Subbase application,Road,m2,2150.837228183762
2025-07-02,Rolling/Tractor,Road,m2,744.5322048215208
2025-08-25,Walling,Building,m2,4334.361461092944
2025-12-07,Laying steel rail,Railway,m,4765.436267462926
2025-08-16,Ballast,Railway,m3,3484.2905019969007
2025-09-19,Coat preparation,Road,L,3287.992480943588
2025-11-14,Iron mining,Railway,m3,4201.733141200555
2025-07-24,Coat preparation,Road,L,3424.946430551803
2025-06-16,Pavement,Road,m2,1261.9003300545905
2025-12-25,Removing trees,Building,m2,2236.8017030812803
2025-06-11,Laying steel rail,Railway,m,2110.335442346523
2025-05-11,Anchorage,Railway,m2,1169.4422280612039
2025-11-15,Laying steel rail,Railway,m,4979.548259620429
2025-02-28,Foundation pouring,Building,m3,2067.6525677890545
2025-12-08,Coat preparation,Road,L,2355.7293609051444
2025-10-13,Laying steel rail,Railway,m,1380.934883749315
2025-06-26,Foundation pouring,Building,m3,411.9259375691814
2025-01-31,Terrain leveling,Building,m3,4728.87811722353
2025-05-28,Foundation pouring,Building,m3,3863.344987591628
2025-04-05,Ballast,Railway,m3,3251.1679888775634
2025-11-29,Pavement,Road,m2,2965.9407193374163
2025-09-11,Ballast,Railway,m3,2816.699667512901
2025-02-03,Iron mining,Railway,m3,3279.15123410924
2025-10-24,Terrain leveling,Building,m3,4751.110338600629
2025-08-17,Ballast,Railway,m3,1539.95441743902
2025-01-06,Subbase application,Road,m2,1915.7161146178807
2025-01-11,Pavement,Road,m2,4975.080861996553
2025-05-28,Pavement,Road,m2,4745.999803788755
2025-06-27,Anchorage,Railway,m2,522.3704637900478
2025-04-23,Terrain leveling,Building,m3,856.5366153865228
2025-03-14,Walling,Building,m2,1386.4145016042905
2025-09-10,Terrain leveling,Building,m3,2522.9973493200673
2025-03-26,Rolling/Tractor,Road,m2,1747.6540089151526
2025-11-02,Anchorage,Railway,m2,4351.460935700722
2025-05-27,Coat preparation,Road,L,2142.2759740109514
2025-03-26,Cement making,Building,m3,2690.8931070283647
2025-08-18,Rolling/Tractor,Road,m2,381.1894540388761
2025-07-29,Removing trees,Building,m2,2395.8744802921888
2025-04-22,Walling,Building,m2,963.0839839055866
2025-03-26,Anchorage,Railway,m2,4822.439467081581
2025-08-21,Ballast,Railway,m3,3826.4509816284763
2025-06-16,Rolling/Tractor,Road,m2,4968.528649449069
2025-01-09,Walling,Building,m2,280.25405795370216
2025-05-29,Walling,Building,m2,339.76939109205904
2025-04-26,Terrain leveling,Building,m3,838.7822515287723
2025-01-27,Subbase application,Road,m2,3928.1389172822724
2025-10-27,Ballast,Railway,m3,4983.635900861604
2025-11-08,Removing trees,Building,m2,3991.9900091000313
2025-06-02,Ballast,Railway,m3,4089.6505948381973
2025-11-30,Foundation pouring,Building,m3,1586.737322759575
2025-12-29,Removing trees,Building,m2,3621.1189883455113
2025-06-05,Rolling/Tractor,Road,m2,3841.425095464254
2025-10-06,Removing trees,Building,m2,3453.562491409213
2025-11-14,Foundation pouring,Building,m3,2241.9754253210763
2025-11-26,Anchorage,Railway,m2,2762.5350168557666
2025-09-11,Ballast,Railway,m3,1961.11254342961
2025-04-25,Subbase application,Road,m2,4286.896090943841
2025-02-13,Iron mining,Railway,m3,3971.083507695798
2025-04-26,Foundation pouring,Building,m3,3096.428741122141
2025-04-14,Coat preparation,Road,L,3051.046262860065
2025-08-29,Pavement,Road,m2,4933.728843549141
2025-03-30,Pavement,Road,m2,3228.4449805062177
2025-11-06,Foundation pouring,Building,m3,4153.467171529794
2025-03-12,Rolling/Tractor,Road,m2,4904.28355163489
2025-05-12,Iron mining,Railway,m3,628.3066417491606
2025-02-21,Coat preparation,Road,L,4246.757724135184
2025-02-21,Anchorage,Railway,m2,3344.1985570312545
2025-08-07,Foundation pouring,Building,m3,3096.4233343493356
2025-10-15,Laying steel rail,Railway,m,1867.1220223473094
2025-01-05,Anchorage,Railway,m2,3918.507717674874
2025-08-05,Anchorage,Railway,m2,4261.572915484797
2025-08-29,Pavement,Road,m2,2433.092283313877
2025-09-27,Pavement,Road,m2,4195.639803952693
2025-10-13,Laying steel rail,Railway,m,729.9921124330239
2025-04-29,Subbase application,Road,m2,3930.0757204739434
2025-10-30,Coat preparation,Road,L,4569.959057745652
2025-11-14,Coat preparation,Road,L,3195.528150355776
2025-03-25,Subbase application,Road,m2,3434.383262218322
2025-08-08,Ballast,Railway,m3,3883.5256048570436
2025-07-30,Coat preparation,Road,L,4818.4304508930745
2025-05-06,Subbase application,Road,m2,3267.822047309406
2025-02-13,Removing trees,Building,m2,1483.3341944051858
2025-08-11,Walling,Building,m2,622.5312914048975
2025-05-19,Foundation pouring,Building,m3,1467.5638433742238
2025-08-05,Removing trees,Building,m2,1585.7716386922766
2025-02-04,Rolling/Tractor,Road,m2,4788.3860928152435
2025-10-18,Coat preparation,Road,L,2140.29673124522
2025-07-27,Anchorage,Railway,m2,2988.8664433977847
2025-01-28,Laying steel rail,Railway,m,4338.189596429836
2025-01-14,Terrain leveling,Building,m3,153.94114659268044
2025-03-11,Pavement,Road,m2,3811.911091793558
2025-09-27,Ballast,Railway,m3,2245.5315788544594
2025-02-02,Removing trees,Building,m2,1099.9413618901294
2025-03-31,Subbase application,Road,m2,712.8275543923485
2025-04-01,Pavement,Road,m2,4017.4536662783244
2025-04-16,Walling,Building,m2,2301.29674487058
2025-05-27,Coat preparation,Road,L,4850.78534758243
2025-02-28,Walling,Building,m2,2903.487518281466
2025-07-29,Subbase application,Road,m2,2413.190427443457
2025-01-04,Coat preparation,Road,L,616.4908703104538
2025-05-29,Coat preparation,Road,L,4817.09355093172
2025-11-23,Terrain leveling,Building,m3,2954.5775748576793
2025-10-08,Anchorage,Railway,m2,1777.832709059771
2025-09-18,Walling,Building,m2,2329.9698694405083
2025-09-05,Coat preparation,Road,L,1933.054436741628
2025-08-16,Laying steel rail,Railway,m,1488.2803884586287
2025-01-08,Cement making,Building,m3,2842.2762995352987
2025-05-23,Iron mining,Railway,m3,3955.524460874893
2025-09-15,Iron mining,Railway,m3,2308.77596442517
2025-06-17,Foundation pouring,Building,m3,717.8817654815712
2025-10-09,Pavement,Road,m2,461.43108840778933
2025-08-01,Ballast,Railway,m3,1169.9747164050068
2025-03-19,Coat preparation,Road,L,2652.282692878349
2025-07-02,Walling,Building,m2,3798.1765705589855
2025-11-15,Rolling/Tractor,Road,m2,3905.7007298742124
2025-07-17,Foundation pouring,Building,m3,3437.550415542195
2025-03-14,Cement making,Building,m3,3120.7162028767216
2025-07-16,Foundation pouring,Building,m3,189.02610165385136
2025-10-28,Terrain leveling,Building,m3,3937.362559014146
2025-12-01,Pavement,Road,m2,4001.288247545157
2025-02-20,Cement making,Building,m3,2573.1210370231834
2025-12-12,Ballast,Railway,m3,4412.8932142271115
2025-08-26,Terrain leveling,Building,m3,4693.548693436424
2025-11-12,Coat preparation,Road,L,1277.0597231344373
2025-02-02,Foundation pouring,Building,m3,3663.0186142597004
2025-07-23,Coat preparation,Road,L,3326.4440815813055
2025-11-24,Coat preparation,Road,L,4222.7188650838625
2025-11-29,Foundation pouring,Building,m3,1909.4767369691413
2025-07-27,Cement making,Building,m3,643.5403218692792
2025-05-11,Iron mining,Railway,m3,3984.3092814223864
2025-08-27,Iron mining,Railway,m3,3815.4652880241356
2025-02-03,Pavement,Road,m2,1691.3040161945985
2025-01-19,Laying steel rail,Railway,m,1161.213214626144
2025-04-30,Foundation pouring,Building,m3,349.8585969068857
2025-04-04,Laying steel rail,Railway,m,3033.1827164063393
2025-08-18,Iron mining,Railway,m3,3209.142329207779
2025-08-02,Walling,Building,m2,4686.560380250348
2025-01-18,Terrain leveling,Building,m3,2503.347420699821
2025-06-22,Foundation pouring,Building,m3,4569.584107254855
2025-10-07,Anchorage,Railway,m2,3458.0254891203617
2025-12-18,Foundation pouring,Building,m3,4570.500140639402
2025-04-14,Laying steel rail,Railway,m,1612.0541951256516
2025-05-11,Terrain leveling,Building,m3,780.2340661328211
2025-04-03,Walling,Building,m2,766.2111302608598
2025-12-23,Anchorage,Railway,m2,3025.0963243975957
2025-04-14,Coat preparation,Road,L,2760.034052270363
2025-09-21,Subbase application,Road,m2,1884.223123074593
2025-07-15,Coat preparation,Road,L,3188.825285803306
2025-12-23,Foundation pouring,Building,m3,3605.5342126137625
2025-04-29,Removing trees,Building,m2,786.8718560202215
2025-05-21,Terrain leveling,Building,m3,4479.794925428673
2025-11-17,Ballast,Railway,m3,65.1544555594552
2025-11-28,Terrain leveling,Building,m3,4017.2663485987277
2025-09-11,Iron mining,Railway,m3,1555.3276719611974
2025-09-30,Removing trees,Building,m2,3122.1894107218272
2025-03-28,Subbase application,Road,m2,4689.262101810618
2025-02-01,Cement making,Building,m3,3288.091895593625
2025-05-15,Ballast,Railway,m3,2557.020732644912
2025-02-11,Iron mining,Railway,m3,2287.1558826328205
2025-01-26,Anchorage,Railway,m2,4017.238528220326
2025-10-28,Ballast,Railway,m3,1529.5050084854095
2025-05-11,Iron mining,Railway,m3,2473.3124788745868
2025-04-01,Ballast,Railway,m3,1087.5380910090598
2025-04-07,Anchorage,Railway,m2,1026.7759685225392
2025-10-12,Terrain leveling,Building,m3,2664.966391898267
2025-02-03,Iron mining,Railway,m3,4235.300804473597
2025-04-27,Terrain leveling,Building,m3,3623.0278112063856
2025-08-20,Laying steel rail,Railway,m,1755.8953318918202
2025-04-19,Coat preparation,Road,L,624.8248512149246
2025-01-26,Laying steel rail,Railway,m,272.34886223477974
2025-01-04,Removing trees,Building,m2,3824.6281267004765
2025-10-01,Iron mining,Railway,m3,2177.5299700910546
2025-07-28,Iron mining,Railway,m3,2598.43266837698
2025-06-21,Laying steel rail,Railway,m,2002.8298874120815
2025-12-20,Removing trees,Building,m2,105.56338696608047
2025-06-02,Pavement,Road,m2,4915.309427279631
2025-08-28,Cement making,Building,m3,3993.5716736240083
2025-09-03,Terrain leveling,Building,m3,3203.774536713167
2025-03-16,Removing trees,Building,m2,2049.319491035786
2025-05-31,Ballast,Railway,m3,2373.264674368538
2025-04-15,Pavement,Road,m2,3781.6272949838576
2025-02-12,Pavement,Road,m2,3697.8682404848682
2025-10-24,Anchorage,Railway,m2,3753.190446021172
2025-01-04,Laying steel rail,Railway,m,1138.3128778582475
2025-08-07,Subbase application,Road,m2,904.0149042632029
2025-06-05,Ballast,Railway,m3,816.7516987702339
2025-12-14,Pavement,Road,m2,1302.155500018714
2025-03-14,Anchorage,Railway,m2,2519.258214936369
2025-07-06,Laying steel rail,Railway,m,2381.18709583829
2025-06-27,Rolling/Tractor,Road,m2,1338.8359647835503
2025-02-18,Iron mining,Railway,m3,173.10400183087216
2025-08-29,Coat preparation,Road,L,809.6838016616581
2025-01-24,Laying steel rail,Railway,m,1700.1192432064643
2025-09-01,Walling,Building,m2,1057.8527639586728
2025-02-10,Terrain leveling,Building,m3,2163.3732246454115
2025-02-04,Foundation pouring,Building,m3,4304.486097577066
2025-08-19,Laying steel rail,Railway,m,1959.4889934359433
2025-06-15,Iron mining,Railway,m3,2815.1154286583173
2025-10-31,Terrain leveling,Building,m3,700.2563078448343
2025-11-10,Coat preparation,Road,L,4260.9414769700725
2025-02-08,Anchorage,Railway,m2,2123.840135878563
2025-06-10,Rolling/Tractor,Road,m2,1723.977934310744
2025-05-31,Anchorage,Railway,m2,3119.5863334848013
2025-08-26,Subbase application,Road,m2,3875.0746741483576
2025-04-03,Ballast,Railway,m3,1578.8362765220731
2025-11-10,Pavement,Road,m2,3429.2329834172606
2025-02-08,Ballast,Railway,m3,3701.693609535868
2025-04-27,Rolling/Tractor,Road,m2,2942.731097347534
2025-08-18,Anchorage,Railway,m2,2989.2857502750335
2025-09-24,Foundation pouring,Building,m3,2577.200098733589
2025-07-26,Laying steel rail,Railway,m,1921.9845856377233
2025-02-24,Cement making,Building,m3,4192.141425880139
2025-12-29,Pavement,Road,m2,1239.933858556474
2025-01-10,Coat preparation,Road,L,4224.014326930402
2025-04-04,Iron mining,Railway,m3,1511.0789350346531
2025-04-17,Removing trees,Building,m2,4310.893525285905
2025-02-01,Walling,Building,m2,1986.0924669126596
2025-07-03,Walling,Building,m2,680.1284901433224
2025-10-23,Walling,Building,m2,2525.89272261207
2025-06-11,Ballast,Railway,m3,1445.1169303753186
2025-12-12,Anchorage,Railway,m2,2056.9977200290114
2025-04-19,Anchorage,Railway,m2,278.30662456315827
2025-07-29,Rolling/Tractor,Road,m2,708.2477427833101
2025-07-25,Terrain leveling,Building,m3,1422.3119850700662
2025-07-15,Terrain leveling,Building,m3,639.3532353768938
2025-09-01,Pavement,Road,m2,2760.3874590783935
2025-01-24,Rolling/Tractor,Road,m2,951.5328673820705
2025-11-23,Removing trees,Building,m2,2141.640648507131
2025-04-17,Pavement,Road,m2,4821.84054276148
2025-02-23,Laying steel rail,Railway,m,3404.8608135136005
2025-03-29,Anchorage,Railway,m2,4708.638718396945
2025-06-24,Anchorage,Railway,m2,4486.631081372751
2025-10-02,Iron mining,Railway,m3,703.4465891151581
2025-09-06,Ballast,Railway,m3,4662.801675764322
2025-09-13,Subbase application,Road,m2,4655.834334008906
2025-12-22,Subbase application,Road,m2,3745.125740770027
2025-10-21,Laying steel rail,Railway,m,1859.2784686844293
2025-06-06,Terrain leveling,Building,m3,4933.969025370436
2025-08-29,Anchorage,Railway,m2,3877.4438941939125
2025-10-23,Pavement,Road,m2,2869.940866504801
2025-03-14,Anchorage,Railway,m2,517.1075722404755
2025-06-15,Terrain leveling,Building,m3,4197.882965530307
2025-07-30,Cement making,Building,m3,1255.1354403785458
2025-05-18,Subbase application,Road,m2,2981.0856080702774
2025-05-11,Laying steel rail,Railway,m,3326.202667605329
2025-09-19,Cement making,Building,m3,516.4493981261037
2025-10-03,Walling,Building,m2,4633.321314906516
2025-06-06,Subbase application,Road,m2,2296.519740954424
2025-01-13,Laying steel rail,Railway,m,3097.0852780034306
2025-09-02,Pavement,Road,m2,4945.212809011747
2025-10-23,Terrain leveling,Building,m3,3688.6187314894987
2025-10-14,Foundation pouring,Building,m3,2183.3174037663043
2025-07-20,Rolling/Tractor,Road,m2,356.6583740296281
2025-12-07,Cement making,Building,m3,129.5733987264286
2025-01-31,Terrain leveling,Building,m3,256.51520534379915
2025-12-22,Walling,Building,m2,3244.7305865219105
2025-07-21,Foundation pouring,Building,m3,3997.7303761123844
2025-10-23,Laying steel rail,Railway,m,4820.312396530781
2025-06-17,Subbase application,Road,m2,162.3256587095795
2025-08-13,Removing trees,Building,m2,301.03405710487806
2025-02-03,Anchorage,Railway,m2,3705.27734997817
2025-08-16,Walling,Building,m2,2719.5286351963628
2025-10-11,Coat preparation,Road,L,2366.2262302188387
2025-02-02,Iron mining,Railway,m3,2783.163134372394
2025-09-06,Removing trees,Building,m2,3213.856769766389
2025-05-14,Terrain leveling,Building,m3,4463.596167986953
2025-02-17,Pavement,Road,m2,3463.59372430921
2025-05-13,Cement making,Building,m3,1438.040166621896
2025-08-19,Cement making,Building,m3,2791.4046829760737
2025-08-04,Pavement,Road,m2,1164.010752054248
2025-10-02,Removing trees,Building,m2,3282.0756470721994
2025-10-27,Pavement,Road,m2,3343.1171535776343
2025-05-28,Iron mining,Railway,m3,1654.2210948568604
2025-02-13,Removing trees,Building,m2,1760.0011374320518
2025-02-05,Laying steel rail,Railway,m,485.7594917342484
2025-05-18,Coat preparation,Road,L,45.04572509259675
2025-01-31,Cement making,Building,m3,1296.266211432668
2025-10-22,Laying steel rail,Railway,m,4488.538691905738
2025-08-16,Foundation pouring,Building,m3,734.508214931015
2025-05-04,Laying steel rail,Railway,m,3173.518978181683
2025-04-10,Laying steel rail,Railway,m,3962.962898350849
2025-06-19,Anchorage,Railway,m2,47.88655530379493
2025-07-14,Ballast,Railway,m3,4052.9711042252165
2025-03-24,Iron mining,Railway,m3,3136.2096445857355
2025-08-28,Pavement,Road,m2,1715.5184924159778
2025-10-01,Subbase application,Road,m2,520.0873267117345
2025-04-04,Subbase application,Road,m2,2638.9760577605525
2025-12-24,Ballast,Railway,m3,4474.36666616655
2025-05-25,Terrain leveling,Building,m3,716.3511827158247
2025-02-09,Removing trees,Building,m2,3825.796989803396
2025-11-13,Cement making,Building,m3,384.9552396149375
2025-12-04,Subbase application,Road,m2,1151.0091666220474
2025-03-17,Laying steel rail,Railway,m,2519.5264492013453
2025-07-25,Coat preparation,Road,L,3411.629394688597
2025-12-20,Coat preparation,Road,L,898.7486806238416
2025-05-14,Foundation pouring,Building,m3,1454.7961220882316
2025-07-07,Laying steel rail,Railway,m,4272.178477018174
2025-08-26,Ballast,Railway,m3,2015.6833431387677
2025-06-12,Walling,Building,m2,1791.580616542432
2025-09-29,Walling,Building,m2,332.52671620959904
2025-07-07,Walling,Building,m2,2823.7115449202633
2025-10-14,Removing trees,Building,m2,1721.1836893143134
2025-10-02,Coat preparation,Road,L,4451.191672882357
2025-01-22,Walling,Building,m2,1811.8631414830732
2025-01-27,Rolling/Tractor,Road,m2,3799.1489783721095
2025-11-23,Anchorage,Railway,m2,91.17454884226383
2025-11-23,Pavement,Road,m2,437.0632406854119
2025-04-24,Subbase application,Road,m2,743.2498004686078
2025-09-05,Rolling/Tractor,Road,m2,721.3143158374113
2025-06-25,Rolling/Tractor,Road,m2,3978.959760018252
2025-01-11,Foundation pouring,Building,m3,3022.358737559783
2025-12-04,Pavement,Road,m2,1376.1335970561356
2025-06-02,Iron mining,Railway,m3,1263.60203612989
2025-11-09,Coat preparation,Road,L,3629.495173689898
2025-01-11,Removing trees,Building,m2,263.656288560174
2025-03-29,Iron mining,Railway,m3,289.4759949060771
2025-09-28,Anchorage,Railway,m2,2680.9153399277507
2025-12-20,Foundation pouring,Building,m3,4926.195214211425
2025-10-21,Foundation pouring,Building,m3,4304.740512524433
2025-05-23,Foundation pouring,Building,m3,2920.177507062498
2025-07-08,Laying steel rail,Railway,m,1400.9163676500502
2025-11-02,Ballast,Railway,m3,2095.6207391083376
2025-01-17,Laying steel rail,Railway,m,414.6681411106035
2025-08-07,Anchorage,Railway,m2,1375.4191023405533
2025-02-15,Pavement,Road,m2,2661.058735052003
2025-08-14,Laying steel rail,Railway,m,1859.27882321421
2025-05-08,Rolling/Tractor,Road,m2,3523.013667772351
2025-12-17,Laying steel rail,Railway,m,1376.059317651857
2025-10-25,Terrain leveling,Building,m3,4948.938103426804
2025-01-25,Anchorage,Railway,m2,2917.2663208727536
2025-05-30,Terrain leveling,Building,m3,4746.653513544755
2025-10-14,Rolling/Tractor,Road,m2,3058.1064041218965
2025-08-19,Foundation pouring,Building,m3,844.3204370101187
2025-04-13,Walling,Building,m2,1762.752727770735
2025-07-29,Foundation pouring,Building,m3,602.634079742801
2025-12-10,Cement making,Building,m3,3957.9180161719137
2025-02-18,Cement making,Building,m3,670.7761505192556
2025-09-07,Anchorage,Railway,m2,2159.3012478102055
2025-09-28,Ballast,Railway,m3,3270.6207093529733
2025-09-13,Cement making,Building,m3,2824.165808108279
2025-01-19,Anchorage,Railway,m2,3143.1673261749156
2025-05-11,Walling,Building,m2,1164.7878025236535
2025-11-06,Cement making,Building,m3,1406.1184237649416
2025-02-15,Ballast,Railway,m3,4935.732052156998
2025-09-23,Coat preparation,Road,L,2944.3097974558204
2025-03-12,Laying steel rail,Railway,m,4356.183707425195
2025-06-15,Ballast,Railway,m3,2612.0975980331486
2025-05-04,Walling,Building,m2,3359.591732711119
2025-07-12,Ballast,Railway,m3,3879.9479256164773
2025-08-29,Cement making,Building,m3,1898.7260339320444
2025-12-22,Cement making,Building,m3,751.8575757854529
2025-10-23,Pavement,Road,m2,1056.3617516748575
2025-12-15,Terrain leveling,Building,m3,2945.7508202067165
2025-07-18,Walling,Building,m2,311.0089359788404
2025-02-02,Cement making,Building,m3,3829.9028089770327
2025-02-10,Cement making,Building,m3,933.5873021243684
2025-05-13,Anchorage,Railway,m2,293.36241580012245
2025-06-06,Terrain leveling,Building,m3,2204.2834122126287
2025-06-08,Ballast,Railway,m3,1180.3045626010828
2025-08-23,Laying steel rail,Railway,m,4857.963121423865
2025-01-29,Removing trees,Building,m2,2704.604230088946
2025-07-16,Coat preparation,Road,L,2919.7656577550674
2025-07-21,Subbase application,Road,m2,2183.4629156509677
2025-07-18,Rolling/Tractor,Road,m2,3267.5738154643286
2025-11-09,Walling,Building,m2,3773.751235905318
2025-03-26,Coat preparation,Road,L,3852.007378051556
2025-03-20,Ballast,Railway,m3,2682.383022196198
2025-11-10,Subbase application,Road,m2,4373.867553645834
2025-02-28,Cement making,Building,m3,2557.372866175959
2025-03-18,Subbase application,Road,m2,2329.392774664653
2025-09-15,Subbase application,Road,m2,4688.521841754638
2025-03-13,Laying steel rail,Railway,m,1010.4630905325557
2025-04-25,Cement making,Building,m3,3979.5496815722177
2025-08-25,Foundation pouring,Building,m3,2224.5822129082276
2025-10-23,Subbase application,Road,m2,4854.958056592528
2025-02-16,Pavement,Road,m2,3972.0198753834657
2025-03-29,Foundation pouring,Building,m3,3777.3473281203323
2025-04-25,Terrain leveling,Building,m3,2988.232051254681
2025-12-18,Walling,Building,m2,2551.0841203079626
2025-11-10,Subbase application,Road,m2,3191.2859173551133
2025-05-27,Rolling/Tractor,Road,m2,3237.2501160560923
2025-11-27,Coat preparation,Road,L,2538.576674428752
2025-03-22,Pavement,Road,m2,4198.213017372492
2025-01-02,Foundation pouring,Building,m3,2326.0701099643848
2025-01-15,Coat preparation,Road,L,4407.826265697112
2025-03-25,Foundation pouring,Building,m3,1397.468610009741
2025-12-06,Pavement,Road,m2,1819.4377530619959
2025-07-02,Subbase application,Road,m2,3270.269130219785
2025-06-06,Foundation pouring,Building,m3,4877.21663414603
2025-11-09,Anchorage,Railway,m2,1640.2267069969334
2025-12-18,Removing trees,Building,m2,519.7788374019824
2025-09-03,Coat preparation,Road,L,4764.210611929839
2025-12-17,Cement making,Building,m3,2576.111240438091
2025-09-11,Ballast,Railway,m3,4622.15501926534
2025-03-10,Iron mining,Railway,m3,1844.0984874484739
2025-05-27,Walling,Building,m2,3659.457923378672
2025-04-07,Coat preparation,Road,L,407.69517418557
2025-01-04,Rolling/Tractor,Road,m2,1058.848162239754
2025-07-17,Terrain leveling,Building,m3,2660.4552393359572
2025-07-31,Pavement,Road,m2,3491.855172635801
2025-03-16,Iron mining,Railway,m3,2815.6185307085457
2025-05-13,Anchorage,Railway,m2,870.4106023553298
2025-09-30,Removing trees,Building,m2,2385.5207741761374
2025-07-08,Rolling/Tractor,Road,m2,2833.9733486874957
2025-11-30,Anchorage,Railway,m2,1679.3634332639256
2025-07-06,Foundation pouring,Building,m3,3251.4721732507346
2025-10-16,Laying steel rail,Railway,m,6.371514766898567
2025-12-06,Walling,Building,m2,434.250453892957
2025-02-14,Removing trees,Building,m2,2173.4527288960608
2025-01-02,Rolling/Tractor,Road,m2,4699.391638555117
2025-11-06,Anchorage,Railway,m2,1459.4186755516757
2025-01-12,Foundation pouring,Building,m3,405.00255167158275
2025-01-26,Cement making,Building,m3,442.76406520318665
2025-04-05,Ballast,Railway,m3,4222.297782071999
2025-02-05,Iron mining,Railway,m3,2502.428775049791
2025-06-02,Terrain leveling,Building,m3,3695.1163841262164
2025-04-17,Foundation pouring,Building,m3,4130.785284373931
2025-10-28,Laying steel rail,Railway,m,656.6245687302041
2025-01-10,Rolling/Tractor,Road,m2,2259.5400877353804
2025-07-01,Cement making,Building,m3,1775.612615612452
2025-01-13,Foundation pouring,Building,m3,3950.964510581778
2025-07-06,Terrain leveling,Building,m3,1950.5550229919822
2025-05-19,Iron mining,Railway,m3,3131.8670090740397
2025-06-24,Pavement,Road,m2,4877.408221353115
2025-10-23,Ballast,Railway,m3,4613.382282115209
2025-05-20,Pavement,Road,m2,415.29731745827024
2025-08-31,Rolling/Tractor,Road,m2,3747.738105802892
2025-03-29,Walling,Building,m2,250.4830742004649
2025-11-25,Walling,Building,m2,1509.788689306017
2025-10-05,Removing trees,Building,m2,1310.3723533944378
2025-05-10,Pavement,Road,m2,3076.8020155127274
2025-12-18,Walling,Building,m2,762.2929314011251
2025-10-27,Walling,Building,m2,619.6247223786183
2025-10-27,Anchorage,Railway,m2,4712.101850362728
2025-07-15,Subbase application,Road,m2,751.184496697958
2025-09-26,Laying steel rail,Railway,m,720.6509798326016
2025-12-11,Walling,Building,m2,3127.961558037138
2025-09-07,Rolling/Tractor,Road,m2,2416.242566038275
2025-06-20,Anchorage,Railway,m2,1024.5753585551154
2025-02-11,Terrain leveling,Building,m3,4092.4356776542086
2025-04-25,Removing trees,Building,m2,3243.3651815604553
2025-08-12,Pavement,Road,m2,2646.2209550105026
2025-11-25,Walling,Building,m2,656.5664639914787
2025-03-31,Ballast,Railway,m3,294.3616882027805
2025-06-13,Iron mining,Railway,m3,2669.513811895308
2025-05-31,Rolling/Tractor,Road,m2,577.6797706522685
2025-06-14,Foundation pouring,Building,m3,4334.760589260544
2025-01-30,Foundation pouring,Building,m3,4455.688586460859
2025-08-21,Subbase application,Road,m2,3118.96452941563
2025-12-12,Walling,Building,m2,2148.0551580796673
2025-04-09,Ballast,Railway,m3,41.11379294721662
2025-11-17,Ballast,Railway,m3,2495.119059999258
2025-07-20,Cement making,Building,m3,4160.787248460259
2025-06-27,Walling,Building,m2,2296.66340411641
2025-07-18,Laying steel rail,Railway,m,1031.6705579202694
2025-07-09,Pavement,Road,m2,1515.2764296539995
2025-05-18,Iron mining,Railway,m3,2565.853216041328
2025-06-11,Removing trees,Building,m2,1676.2807927458612
2025-11-21,Ballast,Railway,m3,830.2967029926916
2025-11-11,Foundation pouring,Building,m3,2898.029842231365
2025-11-06,Pavement,Road,m2,1154.386844144255
2025-03-25,Foundation pouring,Building,m3,2991.4601807333265
2025-08-30,Subbase application,Road,m2,2837.208128242824
2025-12-11,Removing trees,Building,m2,4082.5722451317442
2025-06-02,Coat preparation,Road,L,4959.9591274458035
2025-11-13,Subbase application,Road,m2,4451.835091740192
2025-07-08,Subbase application,Road,m2,1822.0412353253096
2025-09-24,Terrain leveling,Building,m3,325.53462614850315
2025-09-30,Cement making,Building,m3,302.42136480862604
2025-05-15,Coat preparation,Road,L,3380.4199791144224
2025-02-21,Pavement,Road,m2,708.9058265545833
2025-10-24,Cement making,Building,m3,4778.557499696484
2025-05-20,Walling,Building,m2,3109.3479759590105
2025-01-02,Pavement,Road,m2,2787.4216669604416
2025-01-28,Foundation pouring,Building,m3,2667.3036575922365
2025-08-19,Foundation pouring,Building,m3,3973.619734491732
2025-10-27,Subbase application,Road,m2,1541.3786724583074
2025-03-01,Cement making,Building,m3,2709.3387751054597
2025-11-02,Terrain leveling,Building,m3,597.9966995782321
2025-08-16,Terrain leveling,Building,m3,1280.0595543309917
2025-10-30,Subbase application,Road,m2,4661.418485077885
2025-11-01,Rolling/Tractor,Road,m2,1321.128339533475
2025-03-29,Ballast,Railway,m3,3646.8482919353833
2025-01-26,Laying steel rail,Railway,m,3089.604483950527
2025-09-27,Removing trees,Building,m2,3540.9768420804517
2025-05-14,Removing trees,Building,m2,3255.981525285274
2025-09-24,Laying steel rail,Railway,m,3392.3605356234007
2025-06-15,Pavement,Road,m2,1396.8612223735033
2025-10-26,Ballast,Railway,m3,3818.9956900468924
2025-10-10,Ballast,Railway,m3,4212.754220236443
2025-01-31,Ballast,Railway,m3,834.0737128599712
2025-09-06,Cement making,Building,m3,2072.596201161189
2025-06-16,Walling,Building,m2,4319.336542656386
2025-10-20,Iron mining,Railway,m3,1795.3600103603956
2025-03-23,Pavement,Road,m2,4259.189920673436
2025-09-17,Subbase application,Road,m2,475.7753670350151
2025-10-04,Coat preparation,Road,L,4892.6684508156595
2025-07-04,Foundation pouring,Building,m3,2611.4367003230836
2025-03-31,Terrain leveling,Building,m3,2483.7290017561463
2025-12-10,Pavement,Road,m2,117.7078479014132
2025-09-28,Cement making,Building,m3,3176.818068840077
2025-05-08,Ballast,Railway,m3,4959.358803759603
2025-11-08,Pavement,Road,m2,2852.218309798728
2025-01-17,Pavement,Road,m2,877.778546409762
2025-08-24,Foundation pouring,Building,m3,4466.712226247201
2025-09-01,Laying steel rail,Railway,m,4953.174321340128
2025-05-10,Subbase application,Road,m2,3736.365563325647
2025-11-09,Walling,Building,m2,775.131118105235
2025-04-03,Walling,Building,m2,1350.866726445935
2025-07-31,Subbase application,Road,m2,1674.3026238647262
2025-03-07,Iron mining,Railway,m3,2098.356261761182
2025-08-27,Terrain leveling,Building,m3,4524.298105285351
2025-02-16,Ballast,Railway,m3,205.94212588440018
2025-08-02,Coat preparation,Road,L,3896.837785854952
2025-08-13,Coat preparation,Road,L,2978.3671220655656
2025-01-06,Iron mining,Railway,m3,3045.160197628994
2025-09-16,Subbase application,Road,m2,44.209846480403044
2025-06-26,Ballast,Railway,m3,2110.059911562371
2025-11-06,Ballast,Railway,m3,4528.576340859623
2025-07-07,Coat preparation,Road,L,758.7445239822326
2025-12-16,Walling,Building,m2,580.8407526682186
2025-08-06,Removing trees,Building,m2,4957.263997345293
2025-10-12,Laying steel rail,Railway,m,4447.402323727027
2025-08-14,Iron mining,Railway,m3,1880.2580435641491
2025-11-21,Pavement,Road,m2,728.7501366885501
2025-11-07,Rolling/Tractor,Road,m2,3824.275630782548
2025-05-06,Pavement,Road,m2,1367.8940632265374
2025-03-04,Walling,Building,m2,3019.3853979328383
2025-10-27,Ballast,Railway,m3,1038.3023138895114
2025-10-16,Subbase application,Road,m2,3144.026471506355
2025-12-13,Subbase application,Road,m2,2923.143565729201
2025-05-10,Cement making,Building,m3,2215.2599642456557
2025-07-08,Cement making,Building,m3,3877.4980120507603
2025-05-18,Rolling/Tractor,Road,m2,2035.3270533747097
2025-10-05,Laying steel rail,Railway,m,849.2855778904295
2025-03-06,Coat preparation,Road,L,4069.653119000402
2025-07-19,Laying steel rail,Railway,m,3395.3396371833937
2025-03-08,Coat preparation,Road,L,164.47451128161373
2025-11-25,Foundation pouring,Building,m3,2593.0951775948774
2025-02-28,Pavement,Road,m2,1896.8087036846155
2025-03-19,Rolling/Tractor,Road,m2,3526.887948476862
2025-06-22,Pavement,Road,m2,2207.5966063213464
2025-09-02,Walling,Building,m2,3466.3878579393813
2025-04-25,Rolling/Tractor,Road,m2,781.980061797472
2025-03-25,Foundation pouring,Building,m3,1483.0953825835202
2025-08-15,Foundation pouring,Building,m3,999.638250415874
2025-11-18,Cement making,Building,m3,3433.3758047338038
2025-04-17,Removing trees,Building,m2,133.11406068748755
2025-02-14,Anchorage,Railway,m2,1321.8210168450555
2025-06-01,Coat preparation,Road,L,4382.655356375142
2025-12-04,Removing trees,Building,m2,3129.82347045751
2025-02-28,Removing trees,Building,m2,721.255469419606
2025-10-06,Walling,Building,m2,2318.5021875471716
2025-12-25,Iron mining,Railway,m3,4911.589238374945
2025-02-12,Subbase application,Road,m2,4694.297632352282
2025-04-21,Ballast,Railway,m3,4335.130389573791
2025-11-29,Pavement,Road,m2,4945.778976909105
2025-04-14,Iron mining,Railway,m3,4939.950576820493
2025-11-29,Walling,Building,m2,4441.995737822803
2025-08-28,Pavement,Road,m2,4023.998251636194
2025-10-29,Anchorage,Railway,m2,3330.936425982685
2025-06-11,Cement making,Building,m3,2190.853410660173
2025-05-16,Laying steel rail,Railway,m,1330.5874890797465
2025-09-22,Terrain leveling,Building,m3,4470.24721067586
2025-03-08,Pavement,Road,m2,2088.3525725088953
2025-10-17,Rolling/Tractor,Road,m2,2720.5921262853603
2025-09-12,Subbase application,Road,m2,2555.1959492560977
2025-09-23,Walling,Building,m2,319.3378410442343
2025-04-09,Ballast,Railway,m3,2421.207002681745
2025-10-28,Cement making,Building,m3,4202.4689113299255
2025-06-09,Walling,Building,m2,466.09175928565674
2025-08-26,Rolling/Tractor,Road,m2,299.5848991751815
2025-06-30,Removing trees,Building,m2,2352.5281782620204
2025-01-20,Iron mining,Railway,m3,2697.8298549584924
2025-12-22,Foundation pouring,Building,m3,3327.8679509219437
2025-02-12,Ballast,Railway,m3,1687.8987730902222
2025-06-15,Cement making,Building,m3,3880.225689580334
2025-05-31,Subbase application,Road,m2,539.2822217420922
2025-04-17,Iron mining,Railway,m3,1232.8107024709677
2025-06-23,Ballast,Railway,m3,3119.9908667233935
2025-08-30,Cement making,Building,m3,754.0762959882702
2025-09-27,Anchorage,Railway,m2,1627.8175504489288
2025-11-01,Subbase application,Road,m2,2743.872630287892
2025-12-20,Foundation pouring,Building,m3,3904.681321730489
2025-02-07,Removing trees,Building,m2,4444.700238986332
2025-08-29,Pavement,Road,m2,3341.077707285817
2025-04-20,Terrain leveling,Building,m3,2574.1049655242855
2025-06-25,Laying steel rail,Railway,m,4881.828465172774
2025-11-22,Removing trees,Building,m2,2715.3863863208117
2025-05-09,Iron mining,Railway,m3,1364.2556013899248
2025-09-17,Anchorage,Railway,m2,809.5971387551987
2025-11-19,Ballast,Railway,m3,4462.032925312584
2025-07-24,Anchorage,Railway,m2,17.195997886603752
2025-09-07,Subbase application,Road,m2,88.13206171264298
2025-10-22,Anchorage,Railway,m2,4851.918209846335
2025-02-05,Laying steel rail,Railway,m,3803.6537660940003
2025-12-04,Coat preparation,Road,L,1706.0908259507746
2025-06-03,Ballast,Railway,m3,1770.5069597016366
2025-01-24,Subbase application,Road,m2,1393.75185255523
2025-05-18,Laying steel rail,Railway,m,2118.80306972416
2025-08-10,Ballast,Railway,m3,4827.9086368289845
2025-07-08,Foundation pouring,Building,m3,2427.7905862275593
2025-11-13,Rolling/Tractor,Road,m2,2347.85897440898
2025-11-20,Cement making,Building,m3,1854.872780682133
2025-05-17,Foundation pouring,Building,m3,1932.8219171654926
2025-11-19,Pavement,Road,m2,1412.7805540185561
2025-08-14,Walling,Building,m2,724.6991336136016
2025-01-11,Laying steel rail,Railway,m,3971.77654965647
2025-03-09,Walling,Building,m2,1065.4918175939322
2025-06-16,Foundation pouring,Building,m3,4842.6553300869045
2025-01-14,Anchorage,Railway,m2,4997.9875966504615
2025-09-26,Cement making,Building,m3,727.4740129582647
2025-10-05,Ballast,Railway,m3,4730.4466400251595
2025-01-18,Pavement,Road,m2,467.97423925155124
2025-04-10,Rolling/Tractor,Road,m2,3510.1578216989037
2025-10-15,Rolling/Tractor,Road,m2,2295.478184810864
2025-09-20,Iron mining,Railway,m3,3254.2843875551252
2025-01-09,Laying steel rail,Railway,m,3218.982141622318
2025-06-02,Anchorage,Railway,m2,3951.1487418228
2025-09-13,Foundation pouring,Building,m3,4167.9282030626555
2025-02-07,Iron mining,Railway,m3,3557.1218444923597
2025-09-26,Walling,Building,m2,1529.7731856769226
2025-12-06,Laying steel rail,Railway,m,1894.1259921890235
2025-02-28,Foundation pouring,Building,m3,4646.442608043796
2025-11-30,Pavement,Road,m2,2905.279472080565
2025-05-03,Iron mining,Railway,m3,4623.878407324146
2025-06-21,Ballast,Railway,m3,1790.696517533022
2025-06-29,Terrain leveling,Building,m3,790.3522024564413
2025-11-26,Anchorage,Railway,m2,3745.5137905482593
2025-09-01,Foundation pouring,Building,m3,246.59597878685435
2025-11-27,Terrain leveling,Building,m3,3715.868332210617
2025-03-25,Walling,Building,m2,1978.0435061303365
2025-02-02,Iron mining,Railway,m3,218.18046265538126
2025-12-16,Coat preparation,Road,L,849.8958829473685
2025-03-14,Coat preparation,Road,L,4509.453655416715
2025-08-22,Removing trees,Building,m2,2742.026788918085
2025-12-26,Ballast,Railway,m3,4412.526484496368
2025-02-01,Cement making,Building,m3,3974.9825824072423
2025-08-28,Pavement,Road,m2,2785.8088440924907
2025-10-19,Laying steel rail,Railway,m,761.9753713481398
2025-07-15,Pavement,Road,m2,861.8876504353118
2025-06-29,Pavement,Road,m2,4535.612517688941
2025-09-20,Removing trees,Building,m2,3577.749464258509
2025-09-22,Removing trees,Building,m2,1842.3658474393862
2025-07-17,Anchorage,Railway,m2,1179.8813411302433
2025-03-03,Pavement,Road,m2,2882.017814674663
2025-12-26,Cement making,Building,m3,143.17467009489715
2025-02-10,Laying steel rail,Railway,m,1362.4820328031763
2025-07-09,Laying steel rail,Railway,m,2110.7577089443425
2025-06-07,Cement making,Building,m3,2920.7961480305776
2025-05-29,Foundation pouring,Building,m3,2694.380085407637
2025-03-27,Foundation pouring,Building,m3,1066.4277307356028
2025-03-22,Laying steel rail,Railway,m,4607.893551288622
2025-11-04,Pavement,Road,m2,4180.384824654614
2025-12-24,Laying steel rail,Railway,m,1510.2338707709866
2025-10-27,Cement making,Building,m3,1159.425733504319
2025-09-17,Iron mining,Railway,m3,3863.981377500295
2025-03-02,Pavement,Road,m2,544.7453406532882
2025-01-12,Cement making,Building,m3,60.33512150383557
2025-12-12,Subbase application,Road,m2,494.06492162290425
2025-04-11,Pavement,Road,m2,494.7874237040273
2025-12-05,Removing trees,Building,m2,1429.6409898469865
2025-04-21,Anchorage,Railway,m2,2407.9714980591903
2025-05-01,Ballast,Railway,m3,2166.2892712216526
2025-05-04,Coat preparation,Road,L,1325.4231509566832
2025-01-22,Pavement,Road,m2,3446.3997022241556
2025-08-18,Iron mining,Railway,m3,3265.1339830972115
2025-12-20,Foundation pouring,Building,m3,3095.803593288657
2025-01-06,Ballast,Railway,m3,4443.894776816729
2025-10-01,Ballast,Railway,m3,2087.3110576370163
2025-08-12,Coat preparation,Road,L,3648.047503267934
2025-07-20,Rolling/Tractor,Road,m2,4139.2076885975275
2025-04-21,Laying steel rail,Railway,m,2371.264862824641
2025-12-18,Terrain leveling,Building,m3,3674.8140041390793
2025-01-20,Anchorage,Railway,m2,125.61568890121222
2025-08-31,Rolling/Tractor,Road,m2,1976.5489289374511
2025-01-18,Anchorage,Railway,m2,4351.0812944162335
2025-09-16,Cement making,Building,m3,2743.3908822602625
2025-04-08,Anchorage,Railway,m2,1165.879293682451
2025-09-23,Foundation pouring,Building,m3,423.1199071297387
2025-01-08,Foundation pouring,Building,m3,3882.7994633077537
2025-09-30,Removing trees,Building,m2,4168.589892885199
2025-05-06,Anchorage,Railway,m2,67.02617206748917
2025-03-30,Ballast,Railway,m3,1948.207908597081
2025-02-15,Rolling/Tractor,Road,m2,714.7426483550845
2025-05-23,Terrain leveling,Building,m3,2721.855872534698
2025-07-11,Ballast,Railway,m3,409.69460137054045
2025-12-19,Cement making,Building,m3,31.136604231356557
2025-10-03,Iron mining,Railway,m3,2571.7166930490725
2025-06-28,Pavement,Road,m2,312.8591988305962
2025-06-16,Iron mining,Railway,m3,1886.247014486296
2025-09-23,Coat preparation,Road,L,4552.324865773832
2025-07-26,Laying steel rail,Railway,m,920.7159354964961
2025-03-15,Anchorage,Railway,m2,2982.766868629109
2025-12-06,Pavement,Road,m2,1750.3968446177114
2025-06-13,Pavement,Road,m2,703.2168514020398
2025-09-17,Rolling/Tractor,Road,m2,2075.2256502715386
2025-07-25,Removing trees,Building,m2,732.4113847591768
2025-12-20,Iron mining,Railway,m3,4987.00805962639
2025-07-04,Foundation pouring,Building,m3,1903.8234216393457
2025-07-16,Cement making,Building,m3,4904.4492379689955
2025-08-29,Ballast,Railway,m3,3508.568270926043
2025-08-14,Iron mining,Railway,m3,4627.086894682105
2025-08-02,Anchorage,Railway,m2,3940.247689299897
2025-02-15,Subbase application,Road,m2,4348.356808927873
2025-10-07,Terrain leveling,Building,m3,1129.5610468563982
2025-10-12,Iron mining,Railway,m3,2426.930023839354
2025-09-20,Laying steel rail,Railway,m,976.9468584358632
2025-09-09,Rolling/Tractor,Road,m2,842.7725814625137
2025-10-12,Walling,Building,m2,3608.172443100116
2025-08-30,Ballast,Railway,m3,4393.08622226735
2025-08-21,Removing trees,Building,m2,4259.620387094535
2025-02-12,Terrain leveling,Building,m3,4630.789044334693
2025-02-09,Removing trees,Building,m2,1225.3462585773088
2025-12-07,Rolling/Tractor,Road,m2,366.2384018023096
2025-03-22,Anchorage,Railway,m2,1204.4931102324074
2025-12-01,Pavement,Road,m2,777.6160436184182
2025-03-13,Foundation pouring,Building,m3,822.4222694905692
2025-10-11,Cement making,Building,m3,2077.303063976693
2025-05-27,Cement making,Building,m3,1168.3967795793722
2025-02-21,Foundation pouring,Building,m3,515.5434415959642
2025-01-05,Removing trees,Building,m2,1112.6552719773663
2025-02-03,Cement making,Building,m3,4757.993780195567
2025-10-22,Coat preparation,Road,L,4511.436469971621
2025-04-10,Iron mining,Railway,m3,2324.01579130345
2025-12-16,Anchorage,Railway,m2,364.5278632927562
2025-12-15,Removing trees,Building,m2,3525.7878869981364
2025-01-31,Laying steel rail,Railway,m,3600.159764700014
2025-02-27,Cement making,Building,m3,1896.8886609795638
2025-01-05,Cement making,Building,m3,4579.871286603342
2025-04-11,Foundation pouring,Building,m3,2369.6822022220604
2025-01-06,Rolling/Tractor,Road,m2,3154.030589064989
2025-03-31,Terrain leveling,Building,m3,3864.7548791542326
2025-03-16,Coat preparation,Road,L,3279.0700134525996
2025-11-06,Terrain leveling,Building,m3,638.3194570077966
2025-07-03,Laying steel rail,Railway,m,2811.641913770288
2025-12-05,Foundation pouring,Building,m3,4824.802056990777
2025-03-12,Iron mining,Railway,m3,3213.6320182138047
2025-11-28,Iron mining,Railway,m3,4476.009095190291
2025-08-14,Laying steel rail,Railway,m,1985.4851292464814
2025-12-27,Rolling/Tractor,Road,m2,1883.9801469758572
2025-01-05,Iron mining,Railway,m3,2753.1634983151703
2025-12-18,Removing trees,Building,m2,3664.867377759305
2025-03-01,Terrain leveling,Building,m3,985.2249731811397
2025-01-30,Rolling/Tractor,Road,m2,3543.3292763968343
2025-12-17,Anchorage,Railway,m2,1339.2966459000195
2025-04-16,Pavement,Road,m2,2812.740217503118
2025-08-24,Subbase application,Road,m2,3019.312915369431
2025-03-15,Cement making,Building,m3,342.14022298898027
2025-04-07,Subbase application,Road,m2,4263.3757223849625
2025-01-15,Rolling/Tractor,Road,m2,4776.773115151607
2025-10-28,Foundation pouring,Building,m3,4033.4057372430125
2025-10-18,Foundation pouring,Building,m3,1240.1861221643755
2025-12-01,Laying steel rail,Railway,m,3107.7140759090353
2025-12-15,Ballast,Railway,m3,3631.4342176082896
2025-08-14,Coat preparation,Road,L,1411.4367823599166
2025-08-31,Ballast,Railway,m3,3244.588391947613
2025-04-19,Rolling/Tractor,Road,m2,1491.993543478692
2025-02-12,Anchorage,Railway,m2,4377.494219402982
2025-09-23,Ballast,Railway,m3,3351.320139644337
2025-04-30,Walling,Building,m2,1284.9479045084422
2025-11-04,Removing trees,Building,m2,4286.885883050753
2025-09-16,Anchorage,Railway,m2,1944.9097024595285
2025-03-08,Cement making,Building,m3,3232.15449238051
2025-10-11,Subbase application,Road,m2,2806.192988189165
2025-07-29,Terrain leveling,Building,m3,1196.2308781546594
2025-03-09,Iron mining,Railway,m3,2867.7553599984813
2025-06-30,Coat preparation,Road,L,2513.420335361593
2025-08-14,Laying steel rail,Railway,m,1983.1676445762025
2025-03-01,Iron mining,Railway,m3,2567.1182777726904
2025-02-20,Anchorage,Railway,m2,4303.290998262117
2025-06-30,Pavement,Road,m2,1649.052293775049
2025-07-07,Anchorage,Railway,m2,1864.3005255021333
2025-10-17,Laying steel rail,Railway,m,1463.9731937020717
2025-06-11,Pavement,Road,m2,1829.9501047276417
2025-05-09,Iron mining,Railway,m3,1160.3986694132307
2025-10-19,Foundation pouring,Building,m3,4123.769804827225
2025-05-16,Laying steel rail,Railway,m,1438.2568695661585
2025-12-02,Removing trees,Building,m2,4690.476581385989
2025-12-07,Removing trees,Building,m2,4391.962107834126
2025-08-05,Walling,Building,m2,442.3947826665392
2025-02-07,Coat preparation,Road,L,4039.6505432517874
2025-06-28,Rolling/Tractor,Road,m2,4846.636424180313
2025-04-30,Pavement,Road,m2,4572.451851429713
2025-04-29,Foundation pouring,Building,m3,1847.060054816723
2025-03-31,Coat preparation,Road,L,3947.596898406939
2025-05-08,Laying steel rail,Railway,m,4380.87290935706
2025-01-13,Foundation pouring,Building,m3,1621.0557834254973
2025-11-28,Coat preparation,Road,L,2616.7941880789845
2025-04-17,Coat preparation,Road,L,2653.834320969296
2025-01-25,Terrain leveling,Building,m3,4417.970411811014
2025-06-02,Iron mining,Railway,m3,3674.978822650017
2025-12-16,Rolling/Tractor,Road,m2,3610.697709190701
2025-11-07,Terrain leveling,Building,m3,3897.064381274812
2025-09-15,Walling,Building,m2,2846.238859155591
2025-09-05,Iron mining,Railway,m3,4569.170995747151
2025-06-07,Pavement,Road,m2,1088.7344848606217
2025-03-23,Anchorage,Railway,m2,540.1509212604327
2025-02-14,Subbase application,Road,m2,2692.9219832506024
2025-12-13,Terrain leveling,Building,m3,1472.8073106974875
2025-12-28,Ballast,Railway,m3,1280.9724269336004
2025-09-14,Terrain leveling,Building,m3,3288.260361167271
2025-07-21,Removing trees,Building,m2,3052.483614491036
2025-01-07,Walling,Building,m2,1579.4607018782292
2025-02-07,Walling,Building,m2,3114.1763003979945
2025-10-19,Walling,Building,m2,1573.1049830061277
2025-04-24,Iron mining,Railway,m3,4979.115592112471
2025-08-23,Cement making,Building,m3,3159.0412548938
2025-04-11,Cement making,Building,m3,1626.7305048257751
2025-07-05,Cement making,Building,m3,1073.963295869858
2025-01-10,Cement making,Building,m3,736.261383889924
2025-08-03,Subbase application,Road,m2,4409.462405766175
2025-07-09,Removing trees,Building,m2,2693.685309520204
2025-04-08,Anchorage,Railway,m2,710.4086437592605
2025-03-30,Coat preparation,Road,L,1246.1406572946287
2025-01-22,Walling,Building,m2,3394.623091635527
2025-01-11,Terrain leveling,Building,m3,743.2938815204137
2025-06-08,Removing trees,Building,m2,4524.682034668777
2025-08-23,Cement making,Building,m3,3501.2079891874914
2025-08-10,Iron mining,Railway,m3,3922.6783630143345
2025-05-24,Cement making,Building,m3,174.72584460815122
2025-08-21,Pavement,Road,m2,673.4078830450801
2025-01-07,Walling,Building,m2,2087.1743292429333
2025-06-15,Anchorage,Railway,m2,504.7069941468685
2025-07-03,Iron mining,Railway,m3,3183.7145402411315
2025-10-25,Ballast,Railway,m3,768.8542340036875
2025-05-04,Subbase application,Road,m2,1823.6616259254329
2025-06-15,Pavement,Road,m2,538.7626428322551
2025-01-07,Anchorage,Railway,m2,1668.7133694122258
2025-07-12,Ballast,Railway,m3,3049.2007778234374
2025-12-11,Cement making,Building,m3,1853.762146993617
2025-04-11,Laying steel rail,Railway,m,3587.9327720492247
2025-12-07,Rolling/Tractor,Road,m2,3824.7105930066004
2025-08-31,Removing trees,Building,m2,2315.283368051507
2025-08-04,Subbase application,Road,m2,307.7129470052026
2025-09-30,Anchorage,Railway,m2,1063.4074068587113
2025-04-29,Anchorage,Railway,m2,1935.1684952664493
2025-09-20,Pavement,Road,m2,3248.042064762665
2025-06-22,Coat preparation,Road,L,2928.597760597152
2025-09-23,Foundation pouring,Building,m3,4784.697754406956
2025-05-11,Subbase application,Road,m2,1744.6251325086116
2025-06-26,Terrain leveling,Building,m3,1616.4087009513817
2025-12-16,Laying steel rail,Railway,m,3779.4268828579357
2025-08-19,Ballast,Railway,m3,4769.022869356493
2025-03-25,Anchorage,Railway,m2,635.317472187693
2025-03-14,Removing trees,Building,m2,4999.626261933028
2025-08-12,Anchorage,Railway,m2,1351.1479040409397
2025-03-12,Cement making,Building,m3,200.51855961127185
2025-03-24,Pavement,Road,m2,1640.7532032273598
2025-03-26,Rolling/Tractor,Road,m2,981.0007433623019
2025-05-19,Ballast,Railway,m3,4060.0806416752675
2025-01-24,Foundation pouring,Building,m3,2847.3043043173507
2025-04-20,Iron mining,Railway,m3,3107.4814982718535
2025-07-11,Cement making,Building,m3,1321.8446013863615
2025-07-22,Pavement,Road,m2,260.96517163029245
2025-06-15,Cement making,Building,m3,4230.576611241641
2025-12-20,Terrain leveling,Building,m3,4563.380250337439
2025-06-03,Subbase application,Road,m2,394.87741688029485
2025-12-14,Removing trees,Building,m2,4508.26220286017
2025-04-11,Terrain leveling,Building,m3,1604.7803032058177
2025-01-14,Iron mining,Railway,m3,3066.600040645935
2025-10-02,Foundation pouring,Building,m3,145.60850951755577
2025-02-27,Foundation pouring,Building,m3,3873.5320634832697
2025-12-22,Removing trees,Building,m2,3281.542320751795
2025-11-07,Pavement,Road,m2,993.8754235844676
2025-09-08,Subbase application,Road,m2,2058.2334117537575
2025-03-24,Anchorage,Railway,m2,670.6718473440332
2025-10-02,Foundation pouring,Building,m3,1022.4353136041825
2025-03-16,Anchorage,Railway,m2,880.2307721582348
2025-04-10,Ballast,Railway,m3,4029.3338063403144
2025-06-26,Ballast,Railway,m3,953.4809765143037
2025-09-18,Foundation pouring,Building,m3,1136.7700452332608
2025-10-02,Iron mining,Railway,m3,544.1844730432438
2025-05-07,Anchorage,Railway,m2,1698.1780731825856
2025-01-18,Anchorage,Railway,m2,1631.47100067621
2025-04-15,Coat preparation,Road,L,1550.5009977634593
2025-01-27,Subbase application,Road,m2,2323.369938708165
2025-04-12,Coat preparation,Road,L,4646.67944090704
2025-09-09,Laying steel rail,Railway,m,3000.033643815081
2025-02-27,Ballast,Railway,m3,4460.958778356429
2025-10-27,Cement making,Building,m3,3805.0644590973666
2025-09-25,Subbase application,Road,m2,2965.072923282243
2025-07-31,Rolling/Tractor,Road,m2,2900.022385395466
2025-01-08,Cement making,Building,m3,3259.509702092937
2025-06-24,Foundation pouring,Building,m3,3964.4384808598443
2025-10-06,Walling,Building,m2,3981.1340026826824
2025-10-08,Pavement,Road,m2,3609.5025008863417
2025-08-12,Foundation pouring,Building,m3,3190.371912087875
2025-01-27,Terrain leveling,Building,m3,3120.4054233331485
2025-05-28,Cement making,Building,m3,2471.26597939067
2025-02-01,Walling,Building,m2,2926.8651252901996
2025-07-20,Walling,Building,m2,2718.7035707647883
2025-01-29,Anchorage,Railway,m2,2584.7751541906687
2025-03-24,Laying steel rail,Railway,m,411.04468291919716
2025-02-12,Foundation pouring,Building,m3,1729.7003501025988
2025-01-01,Pavement,Road,m2,1804.7093509032902
2025-05-06,Coat preparation,Road,L,314.982174010332
2025-06-07,Subbase application,Road,m2,4280.813417005637
2025-06-04,Cement making,Building,m3,1587.7682392633346
2025-06-18,Rolling/Tractor,Road,m2,4222.893972823725
2025-03-07,Pavement,Road,m2,2283.9824563067345
2025-06-15,Anchorage,Railway,m2,4118.681292541077
2025-10-20,Anchorage,Railway,m2,2771.0993490002
2025-07-08,Removing trees,Building,m2,3726.727290498633
2025-04-10,Laying steel rail,Railway,m,652.9800289508241
2025-05-22,Ballast,Railway,m3,3908.784732202066
2025-07-17,Coat preparation,Road,L,225.7070242255149
2025-11-23,Foundation pouring,Building,m3,3238.863919161407
2025-01-12,Subbase application,Road,m2,4173.468206851168
2025-02-21,Cement making,Building,m3,2506.9300478415103
2025-02-06,Subbase application,Road,m2,2789.5841664017403
2025-01-21,Laying steel rail,Railway,m,2345.6972663381985
2025-02-09,Walling,Building,m2,3554.637855772493
2025-10-10,Anchorage,Railway,m2,3138.743479185928
2025-04-30,Removing trees,Building,m2,4090.604535386708
2025-12-29,Ballast,Railway,m3,1192.4077289636725
2025-07-03,Foundation pouring,Building,m3,4810.52653952755
2025-03-04,Cement making,Building,m3,2557.210512810613
2025-08-08,Laying steel rail,Railway,m,2205.6442435220447
2025-03-24,Laying steel rail,Railway,m,3410.7995232718954
2025-07-30,Cement making,Building,m3,1848.3531836317995
2025-12-26,Coat preparation,Road,L,3216.998433982658
2025-07-18,Subbase application,Road,m2,4266.683818209839
2025-05-09,Anchorage,Railway,m2,1967.101925841881
2025-06-17,Laying steel rail,Railway,m,775.3022327986836
2025-10-14,Foundation pouring,Building,m3,3312.209031037843
2025-12-21,Iron mining,Railway,m3,1774.8463905371386
2025-04-18,Laying steel rail,Railway,m,4790.544882010746
2025-02-23,Walling,Building,m2,2585.59194409135
2025-01-17,Terrain leveling,Building,m3,232.2189362973237
2025-10-30,Foundation pouring,Building,m3,2427.2735846842943
2025-10-13,Removing trees,Building,m2,1735.900542922269
2025-04-21,Foundation pouring,Building,m3,3042.9822500416167
2025-01-20,Coat preparation,Road,L,2917.0235633790926
2025-04-01,Laying steel rail,Railway,m,4774.43440664788
2025-06-28,Pavement,Road,m2,844.3168381845262
2025-04-22,Terrain leveling,Building,m3,3695.947205494216
2025-08-30,Cement making,Building,m3,2739.0060940477206
2025-12-03,Walling,Building,m2,3006.911013779069
2025-02-07,Terrain leveling,Building,m3,4996.648854357504
2025-06-30,Anchorage,Railway,m2,1053.5578570255998
2025-04-02,Anchorage,Railway,m2,902.3118859731488
2025-01-23,Iron mining,Railway,m3,620.8960973028799
2025-05-25,Foundation pouring,Building,m3,4902.130714726679
2025-10-20,Walling,Building,m2,2009.691134841729
2025-07-01,Walling,Building,m2,2934.0175141624645
2025-07-29,Foundation pouring,Building,m3,3630.585821596611
2025-08-21,Removing trees,Building,m2,932.6097928685201
2025-01-13,Laying steel rail,Railway,m,2631.5015972758315
2025-03-07,Subbase application,Road,m2,2643.039145132205
2025-06-08,Cement making,Building,m3,1383.345158923373
2025-06-08,Removing trees,Building,m2,4598.700522976215
2025-12-10,Subbase application,Road,m2,4425.162428141141
2025-07-08,Ballast,Railway,m3,3943.235418752993
2025-11-03,Cement making,Building,m3,889.9692438342228
2025-09-26,Removing trees,Building,m2,469.09584143503105
2025-02-23,Laying steel rail,Railway,m,2157.702008901947
2025-06-21,Laying steel rail,Railway,m,4176.415866874339
2025-11-07,Ballast,Railway,m3,3907.558342047551
2025-08-29,Terrain leveling,Building,m3,1057.9091984017668
2025-04-22,Cement making,Building,m3,248.33482157725905
2025-11-16,Walling,Building,m2,2028.974059365114
2025-09-26,Walling,Building,m2,4806.471219257317
2025-06-21,Iron mining,Railway,m3,647.3006959957017
2025-09-22,Ballast,Railway,m3,646.001369282459
2025-05-19,Cement making,Building,m3,1812.6232744394188
2025-09-26,Anchorage,Railway,m2,1515.5139103738009
2025-05-03,Pavement,Road,m2,4173.7753622819855
2025-08-01,Pavement,Road,m2,3981.9090362331544
2025-10-15,Terrain leveling,Building,m3,3775.219827444795
2025-05-26,Foundation pouring,Building,m3,1570.970646137181
2025-04-04,Coat preparation,Road,L,4186.424344093144
2025-04-15,Terrain leveling,Building,m3,2626.6779728267193
2025-09-14,Laying steel rail,Railway,m,2221.9164527627986
2025-09-05,Terrain leveling,Building,m3,495.2741535532695
2025-01-16,Rolling/Tractor,Road,m2,2484.0105988668274
2025-05-25,Cement making,Building,m3,4091.2726883798723
2025-03-20,Ballast,Railway,m3,4559.897254261911
2025-03-30,Ballast,Railway,m3,400.06151606980734
2025-03-16,Cement making,Building,m3,3355.186191600838
2025-05-22,Subbase application,Road,m2,989.2187124933305
2025-09-27,Anchorage,Railway,m2,4931.701654454729
2025-12-20,Iron mining,Railway,m3,2846.0557732899024
2025-04-14,Subbase application,Road,m2,2382.260138583603
2025-03-07,Ballast,Railway,m3,4524.670927842171
2025-05-19,Walling,Building,m2,872.6553042550262
2025-10-24,Ballast,Railway,m3,1598.658046242008
2025-04-16,Walling,Building,m2,3523.817312016856
2025-11-18,Terrain leveling,Building,m3,2186.7254446904444
2025-06-15,Pavement,Road,m2,417.1802606636971
2025-03-26,Rolling/Tractor,Road,m2,2993.3319809325635
2025-10-27,Laying steel rail,Railway,m,2665.1226131929443
2025-08-14,Foundation pouring,Building,m3,2014.9334913002149
2025-06-21,Pavement,Road,m2,286.767564822864
2025-04-07,Removing trees,Building,m2,4168.805079081339
2025-09-21,Removing trees,Building,m2,3017.6294679466127
2025-05-28,Anchorage,Railway,m2,454.29729470528923
2025-04-19,Pavement,Road,m2,3219.1528974038943
2025-04-11,Foundation pouring,Building,m3,2438.8104613935284
2025-03-28,Iron mining,Railway,m3,1660.0399480663464
2025-03-06,Coat preparation,Road,L,3440.0994801710253
2025-12-18,Removing trees,Building,m2,4143.739507179736
2025-08-23,Coat preparation,Road,L,2554.53400188253
2025-02-13,Walling,Building,m2,2143.2514204659815
2025-12-05,Removing trees,Building,m2,943.7343566922046
2025-04-23,Foundation pouring,Building,m3,772.5787166695347
2025-06-29,Coat preparation,Road,L,2560.1298122321396
2025-05-30,Laying steel rail,Railway,m,430.1536907897763
2025-08-30,Rolling/Tractor,Road,m2,3770.2853636651075
2025-06-28,Terrain leveling,Building,m3,4259.217054599939
2025-07-06,Pavement,Road,m2,3362.611312163721
2025-04-22,Terrain leveling,Building,m3,508.62708399606163
2025-05-24,Cement making,Building,m3,2926.9059511949313
2025-06-07,Foundation pouring,Building,m3,4879.482709616866
2025-04-26,Cement making,Building,m3,2025.1201401069486
2025-12-12,Subbase application,Road,m2,1802.2197725875737
2025-12-19,Walling,Building,m2,1378.1394910659074
2025-03-01,Walling,Building,m2,1208.7910110257972
2025-07-02,Cement making,Building,m3,4149.021459702592
2025-11-30,Pavement,Road,m2,3007.8711460286286
2025-08-12,Cement making,Building,m3,470.12714334597473
2025-03-31,Subbase application,Road,m2,4009.80386321532
2025-08-18,Subbase application,Road,m2,1535.4691195835323
2025-10-05,Ballast,Railway,m3,1213.67647440213
2025-04-26,Laying steel rail,Railway,m,3740.2267884352786
2025-10-05,Subbase application,Road,m2,3002.2889414082574
2025-10-22,Iron mining,Railway,m3,2611.0279245089523
2025-01-25,Subbase application,Road,m2,1092.0727977787492
2025-01-21,Laying steel rail,Railway,m,4231.887094500727
2025-06-14,Walling,Building,m2,863.7804176628189
2025-03-04,Iron mining,Railway,m3,4864.639233754199
2025-04-06,Subbase application,Road,m2,1624.9588234693558
2025-09-20,Anchorage,Railway,m2,2806.6866630222885
2025-04-07,Terrain leveling,Building,m3,4205.150956652757
2025-11-04,Iron mining,Railway,m3,774.6570301573952
2025-10-05,Pavement,Road,m2,2197.1438284029487
2025-03-12,Foundation pouring,Building,m3,4286.273807265939
2025-11-16,Walling,Building,m2,879.4637321150794
2025-03-30,Iron mining,Railway,m3,1404.8795505664502
2025-12-08,Subbase application,Road,m2,993.1534099144612
2025-07-06,Laying steel rail,Railway,m,566.5096159707855
2025-07-03,Anchorage,Railway,m2,1815.4802122282977
2025-06-06,Iron mining,Railway,m3,17.448041954652993
2025-11-24,Terrain leveling,Building,m3,1449.8037777690631
2025-06-20,Walling,Building,m2,124.43760733443166
2025-11-06,Subbase application,Road,m2,3618.95533964329
2025-05-09,Coat preparation,Road,L,1688.1746623254528
2025-04-16,Coat preparation,Road,L,2053.0871099783926
2025-01-14,Anchorage,Railway,m2,1585.7748787979099
2025-01-21,Removing trees,Building,m2,455.3650576002172
2025-04-15,Terrain leveling,Building,m3,4016.3129690310802
2025-11-25,Walling,Building,m2,1022.7957554600564
2025-02-13,Laying steel rail,Railway,m,236.43862989078167
2025-02-15,Anchorage,Railway,m2,216.96112040870906
2025-07-16,Subbase application,Road,m2,3595.9756696364193
2025-04-19,Removing trees,Building,m2,401.9436681465305
2025-12-25,Ballast,Railway,m3,546.1928233525176
2025-07-26,Ballast,Railway,m3,685.0638318090835
2025-10-03,Rolling/Tractor,Road,m2,2960.3498060954016
2025-06-11,Cement making,Building,m3,3760.4273718843856
2025-05-20,Cement making,Building,m3,4925.82054224117
2025-10-14,Subbase application,Road,m2,1325.2555720937225
2025-07-09,Iron mining,Railway,m3,3222.557513632785
2025-12-27,Iron mining,Railway,m3,3133.5021090777423
2025-12-08,Iron mining,Railway,m3,4061.2966586469925
2025-03-02,Iron mining,Railway,m3,498.6476404813645
2025-12-07,Pavement,Road,m2,3618.453118229898
2025-10-05,Coat preparation,Road,L,3945.529755875833
2025-11-06,Ballast,Railway,m3,2259.2564782372942
2025-10-28,Cement making,Building,m3,1236.651708452738
2025-12-09,Terrain leveling,Building,m3,606.8437752128685
2025-10-14,Rolling/Tractor,Road,m2,1518.090223800232
2025-01-06,Cement making,Building,m3,2297.627201524296
2025-08-21,Cement making,Building,m3,1309.6939349865743
2025-09-13,Cement making,Building,m3,1101.5661142471013
2025-07-08,Ballast,Railway,m3,4328.929141908291
2025-12-17,Walling,Building,m2,3303.60773976688
2025-03-25,Anchorage,Railway,m2,122.06729259537252
2025-04-30,Subbase application,Road,m2,1797.5464116276669
2025-08-05,Anchorage,Railway,m2,2474.3475108542184
2025-10-08,Removing trees,Building,m2,2178.2532601498942
2025-07-09,Walling,Building,m2,985.6261172678227
2025-04-16,Pavement,Road,m2,4409.417553191628
2025-03-19,Coat preparation,Road,L,4792.52411306713
2025-12-02,Terrain leveling,Building,m3,4052.7422467090846
2025-10-28,Removing trees,Building,m2,2564.2847612575633
2025-07-25,Coat preparation,Road,L,4966.460766831512
2025-11-29,Anchorage,Railway,m2,4828.890034536918
2025-10-05,Foundation pouring,Building,m3,195.97249762459023
2025-04-18,Terrain leveling,Building,m3,2739.2903891856317
2025-06-01,Terrain leveling,Building,m3,4101.586549174025
2025-08-04,Cement making,Building,m3,4267.062498614903
2025-07-13,Pavement,Road,m2,2696.4542219499044
2025-04-19,Laying steel rail,Railway,m,1821.9955839259478
2025-12-09,Ballast,Railway,m3,4534.761873075015
2025-06-06,Anchorage,Railway,m2,2609.9730337930782
2025-05-12,Laying steel rail,Railway,m,4113.536842076907
2025-05-03,Removing trees,Building,m2,4936.367193317441
2025-02-16,Removing trees,Building,m2,1682.7407425357444
2025-08-07,Walling,Building,m2,3775.712316144609
2025-09-17,Cement making,Building,m3,2133.8298949345963
2025-12-15,Walling,Building,m2,507.7243641614954
2025-02-22,Terrain leveling,Building,m3,3527.1445035674915
2025-10-16,Rolling/Tractor,Road,m2,3871.243185112999
2025-09-21,Iron mining,Railway,m3,4078.2442930459415
2025-04-29,Cement making,Building,m3,3127.20619162556
2025-10-15,Terrain leveling,Building,m3,1541.8898221979161
2025-10-01,Foundation pouring,Building,m3,4724.519006271836
2025-09-30,Iron mining,Railway,m3,3883.4033553083386
2025-04-25,Coat preparation,Road,L,4613.226593484475
2025-09-18,Foundation pouring,Building,m3,618.6516898367128
2025-08-12,Laying steel rail,Railway,m,4791.675049129678
2025-02-06,Rolling/Tractor,Road,m2,4928.243686457804
2025-03-13,Ballast,Railway,m3,1861.6844013630796
2025-12-26,Foundation pouring,Building,m3,2535.4993829053124
2025-01-11,Removing trees,Building,m2,2810.8445792048055
2025-06-12,Iron mining,Railway,m3,792.4443226370054
2025-06-30,Ballast,Railway,m3,4065.952198669997
2025-11-05,Terrain leveling,Building,m3,4589.034498889274
2025-11-07,Coat preparation,Road,L,47.785280657654525
2025-10-05,Laying steel rail,Railway,m,2717.893336684
2025-12-02,Laying steel rail,Railway,m,95.67520528471319
2025-03-25,Ballast,Railway,m3,2554.30803354074
2025-08-26,Terrain leveling,Building,m3,4170.880660373316
2025-10-21,Anchorage,Railway,m2,2197.7240871747413
2025-01-08,Rolling/Tractor,Road,m2,4250.17091623168
2025-07-17,Anchorage,Railway,m2,149.4877465465355
2025-02-20,Anchorage,Railway,m2,1704.2189456006724
2025-04-30,Walling,Building,m2,4739.5190376506935
2025-09-04,Iron mining,Railway,m3,247.72677519787234
2025-08-24,Anchorage,Railway,m2,663.6922559335085
2025-05-14,Subbase application,Road,m2,1637.3304956620605
2025-11-28,Coat preparation,Road,L,1440.1025425102087
2025-07-17,Anchorage,Railway,m2,4176.351150654946
2025-07-04,Removing trees,Building,m2,356.60462832395046
2025-09-03,Removing trees,Building,m2,118.80014611332479
2025-03-29,Pavement,Road,m2,3568.915209960714
2025-02-23,Iron mining,Railway,m3,2214.541164946748
2025-03-22,Anchorage,Railway,m2,2657.421967590132
2025-01-03,Laying steel rail,Railway,m,228.35283475189317
2025-01-22,Iron mining,Railway,m3,1885.278280974352
2025-07-03,Foundation pouring,Building,m3,3232.3878658697513
2025-04-30,Subbase application,Road,m2,2078.3943109293677
2025-10-24,Subbase application,Road,m2,1608.142899318631
2025-08-06,Pavement,Road,m2,1911.9319565353503
2025-01-22,Rolling/Tractor,Road,m2,4903.848327780851
2025-02-15,Cement making,Building,m3,2114.6510270005747
2025-07-24,Terrain leveling,Building,m3,2238.862268826782
2025-05-29,Subbase application,Road,m2,3853.0485096905522
2025-11-09,Cement making,Building,m3,4700.271054765545
2025-10-01,Foundation pouring,Building,m3,2227.2066950939357
2025-06-07,Walling,Building,m2,3869.913688655747
2025-10-03,Subbase application,Road,m2,1279.4922980255246
2025-03-22,Laying steel rail,Railway,m,4093.2688846510905
2025-03-15,Coat preparation,Road,L,299.98701330560874
2025-01-13,Foundation pouring,Building,m3,3555.2786058738884
2025-08-22,Terrain leveling,Building,m3,1107.41997583906
2025-04-21,Cement making,Building,m3,471.7915655840732
2025-03-02,Cement making,Building,m3,3724.4071634653847
2025-08-16,Pavement,Road,m2,1407.8419684358835
2025-04-02,Subbase application,Road,m2,3768.3832818219607
2025-08-02,Coat preparation,Road,L,1673.75956310872
2025-10-06,Walling,Building,m2,4496.482321057336
2025-08-29,Terrain leveling,Building,m3,4064.820269616462
2025-05-30,Rolling/Tractor,Road,m2,1809.9167276940066
2025-08-19,Removing trees,Building,m2,2646.874675152811
2025-07-26,Foundation pouring,Building,m3,1411.645561530231
2025-06-29,Pavement,Road,m2,4455.569481887087
2025-12-27,Anchorage,Railway,m2,2475.165720201683
2025-03-03,Coat preparation,Road,L,2586.235170603125
2025-03-03,Removing trees,Building,m2,611.3919076868046
2025-06-19,Pavement,Road,m2,1280.4347150888984
2025-07-27,Subbase application,Road,m2,88.42623528099836
2025-03-21,Terrain leveling,Building,m3,3948.137927024339
2025-08-25,Terrain leveling,Building,m3,4373.564125192721
2025-11-29,Anchorage,Railway,m2,1145.4347850246754
2025-11-13,Coat preparation,Road,L,2320.5433084611236
2025-10-26,Laying steel rail,Railway,m,2009.9597180021844
2025-10-24,Foundation pouring,Building,m3,2144.5412617797965
2025-02-09,Anchorage,Railway,m2,2552.4592450188366
2025-06-19,Subbase application,Road,m2,623.929361937477
2025-09-08,Coat preparation,Road,L,135.26544987667367
2025-10-02,Coat preparation,Road,L,2386.785361974504
2025-08-16,Coat preparation,Road,L,3918.285214985387
2025-02-11,Foundation pouring,Building,m3,4311.539566610571
2025-03-21,Walling,Building,m2,1611.3023825234295
2025-08-14,Cement making,Building,m3,3859.1469867953915
2025-07-06,Removing trees,Building,m2,2488.1080139933715
2025-10-17,Ballast,Railway,m3,4907.458132062544
2025-04-19,Walling,Building,m2,3852.7928528011844
2025-11-07,Cement making,Building,m3,460.0272444189646
2025-01-02,Iron mining,Railway,m3,2420.4101992175288
2025-01-29,Cement making,Building,m3,2518.821306570567
2025-07-08,Coat preparation,Road,L,4911.450292600369
2025-01-20,Rolling/Tractor,Road,m2,4744.936064272876
2025-10-14,Foundation pouring,Building,m3,3449.8755870890996
2025-10-17,Terrain leveling,Building,m3,4069.622725772003
2025-08-18,Pavement,Road,m2,594.8968127311649
2025-10-16,Laying steel rail,Railway,m,1680.1865363996787
2025-05-09,Iron mining,Railway,m3,1383.6904910980852
2025-04-29,Pavement,Road,m2,4296.516286134035
2025-07-24,Coat preparation,Road,L,3081.6725945264106
2025-04-06,Laying steel rail,Railway,m,1113.4048128041907
2025-05-08,Ballast,Railway,m3,3253.9541437946923
2025-09-30,Foundation pouring,Building,m3,4435.054290701426
2025-07-13,Coat preparation,Road,L,3720.782072280263
2025-06-19,Foundation pouring,Building,m3,4829.235412995666
2025-08-22,Anchorage,Railway,m2,3235.055850011653
2025-03-01,Coat preparation,Road,L,521.8664710966536
2025-08-10,Foundation pouring,Building,m3,3724.7301303336517
2025-12-14,Terrain leveling,Building,m3,1915.0638675878101
2025-04-30,Coat preparation,Road,L,439.7562212747308
2025-02-19,Iron mining,Railway,m3,3204.106007501391
2025-06-18,Ballast,Railway,m3,1704.2617141302946
2025-08-19,Foundation pouring,Building,m3,4486.774988600615
2025-11-28,Foundation pouring,Building,m3,1431.346161244102
2025-12-22,Anchorage,Railway,m2,3882.0622198863653
2025-12-02,Cement making,Building,m3,1451.0229888276665
2025-12-28,Rolling/Tractor,Road,m2,4618.51120266963
2025-08-11,Anchorage,Railway,m2,3731.6366977893285
2025-11-02,Laying steel rail,Railway,m,2914.1549387012624
2025-09-19,Foundation pouring,Building,m3,2051.1214558337797
2025-08-02,Coat preparation,Road,L,2583.089088536502
2025-11-14,Laying steel rail,Railway,m,1765.6682529554912
2025-01-26,Pavement,Road,m2,4485.599668911326
2025-09-26,Ballast,Railway,m3,308.0712650639583
2025-11-21,Cement making,Building,m3,1241.1778443061112
2025-02-27,Removing trees,Building,m2,3563.908927803413
2025-04-17,Foundation pouring,Building,m3,4582.851381569502
2025-02-05,Subbase application,Road,m2,2567.8646879874927
2025-11-13,Anchorage,Railway,m2,1617.5419905975014
2025-05-15,Removing trees,Building,m2,141.3444114135476
2025-10-17,Subbase application,Road,m2,3325.506074163617
2025-06-05,Subbase application,Road,m2,4371.922296015587
2025-09-07,Removing trees,Building,m2,371.58893085462387
2025-05-21,Terrain leveling,Building,m3,4790.247649266012
2025-06-11,Terrain leveling,Building,m3,685.6568762894799
2025-01-17,Laying steel rail,Railway,m,1915.429632941724
2025-09-11,Foundation pouring,Building,m3,1007.1654461984602
2025-10-01,Subbase application,Road,m2,1559.543398888999
2025-03-27,Pavement,Road,m2,371.77676565544493
2025-11-08,Anchorage,Railway,m2,4059.07669023249
2025-11-07,Foundation pouring,Building,m3,2272.9858479604104
2025-10-21,Terrain leveling,Building,m3,948.5730157998618
2025-12-03,Walling,Building,m2,370.0149451226553
2025-05-05,Iron mining,Railway,m3,2631.474266667348
2025-11-12,Rolling/Tractor,Road,m2,4280.2752430338605
2025-05-03,Ballast,Railway,m3,1316.690534187615
2025-09-11,Anchorage,Railway,m2,320.36709186774203
2025-04-21,Ballast,Railway,m3,1967.5295857387703
2025-04-01,Anchorage,Railway,m2,408.15079059351444
2025-03-16,Foundation pouring,Building,m3,1702.5094546158825
2025-11-07,Walling,Building,m2,558.5005195025872
2025-10-31,Subbase application,Road,m2,1054.8210887505581
2025-04-06,Subbase application,Road,m2,1079.9655619008697
2025-06-18,Subbase application,Road,m2,657.7489440718654
2025-10-07,Terrain leveling,Building,m3,276.08327155820956
2025-05-22,Cement making,Building,m3,3305.518597151689
2025-03-26,Rolling/Tractor,Road,m2,3975.2795924638062
2025-12-24,Rolling/Tractor,Road,m2,1330.512548052834
2025-01-19,Iron mining,Railway,m3,2843.288517200047
2025-10-24,Iron mining,Railway,m3,4835.656824343822
2025-03-31,Pavement,Road,m2,4192.321128822094
2025-11-07,Removing trees,Building,m2,381.46567707350533
2025-09-19,Rolling/Tractor,Road,m2,4896.715790879042
2025-11-23,Rolling/Tractor,Road,m2,2216.572837358978
2025-06-22,Laying steel rail,Railway,m,2294.7452547016283
2025-07-22,Walling,Building,m2,2383.7585708792735
2025-09-16,Anchorage,Railway,m2,2324.2880107904384
2025-01-05,Foundation pouring,Building,m3,4965.080372388708
2025-07-09,Rolling/Tractor,Road,m2,3064.1925466480934
2025-04-20,Ballast,Railway,m3,2143.6778799409517
2025-06-25,Rolling/Tractor,Road,m2,775.7596729333044
2025-06-22,Pavement,Road,m2,1559.458237281422
2025-02-09,Iron mining,Railway,m3,3136.5960399283467
2025-11-11,Laying steel rail,Railway,m,4883.889694993625
2025-10-02,Ballast,Railway,m3,793.2840514386253
2025-04-27,Laying steel rail,Railway,m,507.59196052366616
2025-04-26,Foundation pouring,Building,m3,1525.378942347515
2025-11-06,Iron mining,Railway,m3,3454.7708283247075
2025-07-09,Iron mining,Railway,m3,3091.0646244208447
2025-07-03,Laying steel rail,Railway,m,4951.609712008296
2025-03-06,Coat preparation,Road,L,3328.6330595488184
2025-05-19,Iron mining,Railway,m3,2681.709083877533
2025-05-25,Subbase application,Road,m2,2916.4319873575405
2025-09-25,Subbase application,Road,m2,470.1185718788603
2025-12-01,Rolling/Tractor,Road,m2,3680.060445691367
2025-01-13,Iron mining,Railway,m3,3617.383198209212
2025-04-07,Ballast,Railway,m3,3796.7589767207955
2025-10-01,Terrain leveling,Building,m3,1134.6475202480954
2025-08-07,Removing trees,Building,m2,1234.9090969745985
2025-03-13,Laying steel rail,Railway,m,4847.919596243472
2025-08-29,Coat preparation,Road,L,317.44757030147673
2025-02-14,Rolling/Tractor,Road,m2,3491.1686414240444
2025-11-30,Anchorage,Railway,m2,3182.3254178502475
2025-10-15,Pavement,Road,m2,4100.452375522755
2025-12-29,Laying steel rail,Railway,m,1885.7913573841101
2025-06-30,Walling,Building,m2,1970.5690731872994
2025-02-07,Pavement,Road,m2,1944.4948239556975
2025-01-31,Removing trees,Building,m2,1216.9990173801914
2025-11-28,Laying steel rail,Railway,m,4713.836236587216
2025-09-25,Iron mining,Railway,m3,2283.709857725765
2025-09-17,Laying steel rail,Railway,m,2360.635206381389
2025-02-28,Walling,Building,m2,3095.693886582227
2025-04-22,Laying steel rail,Railway,m,2500.434344659308
2025-03-31,Laying steel rail,Railway,m,1627.2108947434815
2025-09-28,Rolling/Tractor,Road,m2,2260.3534449245453
2025-08-02,Laying steel rail,Railway,m,2455.307214017585
2025-08-02,Iron mining,Railway,m3,2508.5058618322796
2025-09-13,Iron mining,Railway,m3,1015.3634030560105
2025-02-20,Terrain leveling,Building,m3,3906.0710843539955
2025-11-22,Cement making,Building,m3,252.60867812692044
2025-07-04,Ballast,Railway,m3,2918.0922901384565
2025-04-24,Laying steel rail,Railway,m,761.5744107442157
2025-02-20,Rolling/Tractor,Road,m2,3828.170261806112
2025-07-19,Walling,Building,m2,1274.5170508803872
2025-09-19,Coat preparation,Road,L,4489.107009202809
2025-10-30,Iron mining,Railway,m3,59.5099205718258
2025-03-24,Foundation pouring,Building,m3,4089.2062618484442
2025-07-07,Subbase application,Road,m2,3838.111994322026
2025-09-03,Iron mining,Railway,m3,4689.759015009757
2025-10-13,Cement making,Building,m3,759.6091141780909
2025-05-19,Anchorage,Railway,m2,3994.9786784855723
2025-08-13,Cement making,Building,m3,2661.4645020051903
2025-12-09,Walling,Building,m2,537.4433684855218
2025-06-13,Ballast,Railway,m3,3800.8986416099415
2025-06-27,Iron mining,Railway,m3,2720.447664830741
2025-07-13,Removing trees,Building,m2,3816.877616738941
2025-03-01,Foundation pouring,Building,m3,2458.4675277508695
2025-09-16,Ballast,Railway,m3,4341.047491854443
2025-04-20,Ballast,Railway,m3,237.42813155908428
2025-08-28,Subbase application,Road,m2,2245.5105027953286
2025-01-21,Walling,Building,m2,501.2967410523894
2025-03-03,Ballast,Railway,m3,3429.355818632707
2025-04-05,Ballast,Railway,m3,1318.6898108442474
2025-10-15,Cement making,Building,m3,598.491251945939
2025-09-24,Foundation pouring,Building,m3,1235.0767609441943
2025-07-03,Laying steel rail,Railway,m,87.88417928392744
2025-08-12,Walling,Building,m2,249.53572732939355
2025-02-20,Foundation pouring,Building,m3,3174.508970059763
2025-05-06,Coat preparation,Road,L,3631.010944413114
2025-10-08,Ballast,Railway,m3,2905.1835615932587
2025-12-09,Ballast,Railway,m3,2203.1267803716764
2025-03-22,Anchorage,Railway,m2,447.50619941696215
2025-09-25,Coat preparation,Road,L,158.73766131274448
2025-11-19,Pavement,Road,m2,4705.094585933316
2025-01-04,Anchorage,Railway,m2,1029.7679284886003
2025-10-23,Anchorage,Railway,m2,3120.4748398620995
2025-03-25,Foundation pouring,Building,m3,233.17716603179716
2025-08-07,Removing trees,Building,m2,2529.8461545787827
2025-03-12,Laying steel rail,Railway,m,2473.063085940354
2025-05-27,Removing trees,Building,m2,4802.49661176112
2025-11-24,Ballast,Railway,m3,2019.3841894513803
2025-11-30,Rolling/Tractor,Road,m2,3072.1855694253395
2025-04-18,Cement making,Building,m3,1557.2935116562549
2025-05-22,Cement making,Building,m3,4286.044352504605
2025-12-14,Pavement,Road,m2,443.76547537901877
2025-03-01,Terrain leveling,Building,m3,805.534540717865
2025-06-07,Pavement,Road,m2,3090.569996617283
2025-10-03,Foundation pouring,Building,m3,2000.2001761290355
2025-09-05,Pavement,Road,m2,4069.591004558499
2025-11-11,Iron mining,Railway,m3,2394.17261852601
2025-02-20,Anchorage,Railway,m2,4897.252835363514
2025-12-12,Removing trees,Building,m2,532.824451958499
2025-05-18,Cement making,Building,m3,1273.045657195051
2025-10-23,Cement making,Building,m3,1517.2040033011313
2025-03-16,Iron mining,Railway,m3,4530.82957283023
2025-04-05,Cement making,Building,m3,1150.8454915457235
2025-04-13,Ballast,Railway,m3,1903.1435024016553
2025-01-13,Subbase application,Road,m2,3010.5771293186144
2025-01-07,Ballast,Railway,m3,1824.8875826308624
2025-04-23,Laying steel rail,Railway,m,2002.7212566382984
2025-01-19,Iron mining,Railway,m3,4324.6412926244775
2025-09-23,Terrain leveling,Building,m3,4220.679046609535
2025-03-21,Coat preparation,Road,L,1715.0100261820317
2025-12-24,Ballast,Railway,m3,4160.756604325507
2025-09-18,Cement making,Building,m3,4427.662466109938
2025-09-25,Subbase application,Road,m2,4671.037303084242
2025-05-17,Walling,Building,m2,4308.3732982682095
2025-07-30,Ballast,Railway,m3,3853.344431578591
2025-03-16,Terrain leveling,Building,m3,2841.0613315321293
2025-08-05,Anchorage,Railway,m2,2570.419275053693
2025-03-06,Coat preparation,Road,L,2190.516633598199
2025-11-22,Anchorage,Railway,m2,3148.3297900541284
2025-08-11,Walling,Building,m2,4208.6275451633755
2025-01-26,Foundation pouring,Building,m3,3336.126362046755
2025-03-08,Removing trees,Building,m2,3440.1998163674484
2025-08-23,Removing trees,Building,m2,1978.579765843902
2025-04-17,Terrain leveling,Building,m3,2978.0518533147965
2025-08-12,Anchorage,Railway,m2,1170.5386722438
2025-09-03,Removing trees,Building,m2,2773.4628263033974
2025-09-03,Cement making,Building,m3,1749.4756030870972
2025-07-13,Subbase application,Road,m2,3712.1439455876607
2025-03-13,Coat preparation,Road,L,4811.972617330423
2025-05-02,Ballast,Railway,m3,2656.942754933045
2025-04-25,Ballast,Railway,m3,4835.423767744895
2025-03-09,Terrain leveling,Building,m3,460.1131163354094
2025-10-31,Laying steel rail,Railway,m,2882.6740529973845
2025-10-04,Subbase application,Road,m2,1118.2026654817384
2025-07-01,Walling,Building,m2,58.6193821514025
2025-01-31,Walling,Building,m2,4223.794944849627
2025-03-20,Subbase application,Road,m2,2777.2739304481674
2025-08-01,Laying steel rail,Railway,m,3337.2692732226965
2025-04-22,Coat preparation,Road,L,1748.1739600489686
2025-03-29,Rolling/Tractor,Road,m2,19.52395999479051
2025-11-25,Foundation pouring,Building,m3,4774.294680122498
2025-01-02,Ballast,Railway,m3,4928.771821060969
2025-01-25,Walling,Building,m2,4201.355356415089
2025-01-31,Anchorage,Railway,m2,470.92539677275056
2025-11-30,Anchorage,Railway,m2,11.301139921517933
2025-12-24,Rolling/Tractor,Road,m2,1118.0236156765245
2025-05-30,Foundation pouring,Building,m3,4311.069768092699
2025-10-02,Iron mining,Railway,m3,1271.2191438554098
2025-09-09,Laying steel rail,Railway,m,2141.0479621668333
2025-02-03,Anchorage,Railway,m2,2777.077110635488
2025-04-19,Subbase application,Road,m2,2784.846832806656
2025-06-30,Foundation pouring,Building,m3,225.69775963390936
2025-12-13,Terrain leveling,Building,m3,2881.484596225056
2025-01-06,Laying steel rail,Railway,m,2518.2338871203865
2025-06-10,Removing trees,Building,m2,3760.4757830861017
2025-08-03,Terrain leveling,Building,m3,925.8620231083753
2025-06-15,Pavement,Road,m2,1286.7344533161668
2025-05-05,Walling,Building,m2,1742.6825717850452
2025-06-27,Pavement,Road,m2,3722.066975649461
2025-12-26,Terrain leveling,Building,m3,4416.26763815292
2025-03-19,Foundation pouring,Building,m3,399.1757317003569
2025-11-01,Coat preparation,Road,L,2710.885694880484
2025-10-19,Pavement,Road,m2,3437.7034483561906
2025-12-12,Terrain leveling,Building,m3,2493.4568409464846
2025-06-15,Laying steel rail,Railway,m,2994.5054697577834
2025-08-30,Anchorage,Railway,m2,3339.0308209524715
2025-11-02,Walling,Building,m2,1175.9734417040097
2025-04-06,Pavement,Road,m2,4523.4189941786835
2025-06-18,Ballast,Railway,m3,402.18000655345196
2025-06-05,Subbase application,Road,m2,1532.3048103000197
2025-10-25,Cement making,Building,m3,1713.5622430146448
2025-08-09,Laying steel rail,Railway,m,879.8444154919765
2025-03-04,Foundation pouring,Building,m3,4872.878890625177
2025-10-15,Foundation pouring,Building,m3,440.9489759888696
2025-08-28,Coat preparation,Road,L,3619.711120913021
2025-07-09,Removing trees,Building,m2,290.00597953054654
2025-07-13,Laying steel rail,Railway,m,1672.652524281492
2025-06-11,Laying steel rail,Railway,m,1068.9946715595815
2025-02-24,Cement making,Building,m3,1995.7369695905713
2025-01-16,Terrain leveling,Building,m3,528.4247195308534
2025-08-08,Subbase application,Road,m2,2010.1640364009832
2025-11-19,Coat preparation,Road,L,4178.277560253498
2025-08-26,Anchorage,Railway,m2,258.9363577008541
2025-10-04,Cement making,Building,m3,2020.542551627091
2025-08-02,Removing trees,Building,m2,2048.9520243432803
2025-02-19,Iron mining,Railway,m3,4411.770097981048
2025-11-30,Terrain leveling,Building,m3,2690.0826298951624
2025-04-26,Cement making,Building,m3,2009.4505404843405
2025-03-20,Cement making,Building,m3,1620.8919752054035
2025-10-31,Rolling/Tractor,Road,m2,1010.4707340542174
2025-02-02,Ballast,Railway,m3,4312.356046305399
2025-09-10,Laying steel rail,Railway,m,2998.2856705209774
2025-04-13,Cement making,Building,m3,3840.045476741919
2025-08-26,Foundation pouring,Building,m3,1417.0327024405733
2025-05-21,Ballast,Railway,m3,1236.9314467495274
2025-08-20,Pavement,Road,m2,3209.2353090874185
2025-07-22,Pavement,Road,m2,3617.843677216102
2025-10-08,Foundation pouring,Building,m3,1447.007724178922
2025-10-08,Rolling/Tractor,Road,m2,2896.5770239037142
2025-07-16,Iron mining,Railway,m3,3797.154020283005
2025-11-08,Cement making,Building,m3,4101.057906000067
2025-07-08,Coat preparation,Road,L,3565.0309739452655
2025-04-22,Ballast,Railway,m3,2593.506980362492
2025-11-23,Rolling/Tractor,Road,m2,2521.6196939869383
2025-08-28,Laying steel rail,Railway,m,293.2700207139405
2025-09-14,Anchorage,Railway,m2,3128.462269934825
2025-02-07,Pavement,Road,m2,4511.356510053366
2025-12-14,Ballast,Railway,m3,1515.8278670894997
2025-06-08,Terrain leveling,Building,m3,3578.561345576677
2025-03-04,Coat preparation,Road,L,1254.9494366649321
2025-04-11,Cement making,Building,m3,3783.536208952255
2025-09-25,Anchorage,Railway,m2,2694.0396409473065
2025-08-14,Pavement,Road,m2,4542.897746381168
2025-04-18,Ballast,Railway,m3,2233.071930849875
2025-08-25,Foundation pouring,Building,m3,1371.3510651204408
2025-11-12,Anchorage,Railway,m2,3211.372183220719
2025-02-04,Anchorage,Railway,m2,4384.196022836683
2025-10-17,Rolling/Tractor,Road,m2,3126.6692241741584
2025-09-27,Rolling/Tractor,Road,m2,2385.1567948257607
2025-10-18,Ballast,Railway,m3,230.5405656349707
2025-02-06,Anchorage,Railway,m2,2316.3140594948327
2025-02-10,Walling,Building,m2,3423.652174555102
2025-01-09,Rolling/Tractor,Road,m2,80.45425742263468
2025-12-18,Laying steel rail,Railway,m,4059.7275689901862
2025-06-27,Coat preparation,Road,L,2705.217116828983
2025-11-25,Pavement,Road,m2,3249.045481024472
2025-06-16,Anchorage,Railway,m2,3078.2098467161504
2025-04-19,Ballast,Railway,m3,1504.0817570271047
2025-08-04,Cement making,Building,m3,1227.3253549994406
2025-12-03,Removing trees,Building,m2,4799.697425278321
2025-12-15,Subbase application,Road,m2,394.81920790678026
2025-02-13,Walling,Building,m2,2020.412778193283
2025-01-27,Coat preparation,Road,L,4110.563355480914
2025-04-27,Pavement,Road,m2,3264.5450107360425
2025-07-21,Foundation pouring,Building,m3,2622.015660362465
2025-01-30,Walling,Building,m2,2980.4723849073466
2025-09-03,Walling,Building,m2,3507.8820572964596
2025-11-30,Anchorage,Railway,m2,569.5150718021663
2025-12-11,Ballast,Railway,m3,3070.6592195743683
2025-12-24,Walling,Building,m2,2032.7822242550208
2025-03-19,Removing trees,Building,m2,261.03732994460114
2025-07-31,Foundation pouring,Building,m3,2830.086117808701
2025-07-09,Cement making,Building,m3,4884.721891315183
2025-09-24,Iron mining,Railway,m3,4206.286558508169
2025-08-14,Rolling/Tractor,Road,m2,2739.1643419295574
2025-10-16,Subbase application,Road,m2,407.23405652334344
2025-10-02,Removing trees,Building,m2,4042.919270460239
2025-07-14,Anchorage,Railway,m2,4021.182607941444
2025-09-26,Terrain leveling,Building,m3,2082.194575014352
2025-11-24,Removing trees,Building,m2,2943.9271548326624
2025-10-05,Iron mining,Railway,m3,3795.322126239522
2025-06-26,Laying steel rail,Railway,m,3463.097302393712
2025-01-26,Pavement,Road,m2,43.4225563954016
2025-03-20,Foundation pouring,Building,m3,709.533336660908
2025-09-08,Iron mining,Railway,m3,3430.913104747038
2025-05-07,Cement making,Building,m3,236.3520810674885
2025-09-21,Ballast,Railway,m3,708.5337147891385
2025-03-02,Foundation pouring,Building,m3,2998.4460575748717
2025-07-20,Foundation pouring,Building,m3,3339.4357595632955
2025-11-28,Coat preparation,Road,L,2240.3767848839516
2025-09-06,Removing trees,Building,m2,1670.1655798898946
2025-01-18,Terrain leveling,Building,m3,4216.932845078844
2025-07-09,Cement making,Building,m3,4117.019781154782
2025-10-17,Walling,Building,m2,3710.4056027780134
2025-07-10,Foundation pouring,Building,m3,3757.581257979396
2025-09-04,Ballast,Railway,m3,3648.6536165781613
2025-06-19,Subbase application,Road,m2,4969.943602715469
2025-09-21,Terrain leveling,Building,m3,929.4037454482068
2025-11-28,Laying steel rail,Railway,m,1160.2906039435502
2025-04-22,Removing trees,Building,m2,714.4914594597961
2025-04-23,Walling,Building,m2,894.5326623017053
2025-07-19,Anchorage,Railway,m2,852.7512066864346
2025-05-23,Anchorage,Railway,m2,742.465539953438
2025-07-20,Laying steel rail,Railway,m,3836.286754209742
2025-09-20,Coat preparation,Road,L,4053.573746333799
2025-02-13,Cement making,Building,m3,4390.522885918569
2025-04-27,Subbase application,Road,m2,521.7494736539213
2025-11-02,Pavement,Road,m2,2776.7554641119827
2025-08-10,Coat preparation,Road,L,2430.755039451848
2025-12-22,Cement making,Building,m3,2464.2793825844483
2025-03-13,Rolling/Tractor,Road,m2,2681.5731351523964
2025-01-07,Terrain leveling,Building,m3,1559.32347536204
2025-12-15,Pavement,Road,m2,3224.5307988360933
2025-06-27,Rolling/Tractor,Road,m2,2296.101232517679
2025-02-26,Subbase application,Road,m2,1100.3434695939752
2025-02-04,Iron mining,Railway,m3,1771.800783800354
2025-10-20,Laying steel rail,Railway,m,4541.4357861274875
2025-06-01,Terrain leveling,Building,m3,3697.17047727181
2025-01-12,Rolling/Tractor,Road,m2,2213.8814546580325
2025-01-14,Subbase application,Road,m2,4226.763860844358
2025-05-06,Subbase application,Road,m2,1766.2620159050969
2025-06-24,Rolling/Tractor,Road,m2,401.5226945256395
2025-01-06,Foundation pouring,Building,m3,1079.2423779094672
2025-07-03,Terrain leveling,Building,m3,589.2141502646525
2025-07-14,Cement making,Building,m3,4522.64031533608
2025-05-02,Coat preparation,Road,L,4737.663920094469
2025-10-13,Laying steel rail,Railway,m,1778.5609643010264
2025-12-12,Terrain leveling,Building,m3,688.5209695896305
2025-02-16,Cement making,Building,m3,1392.454673627338
2025-09-02,Foundation pouring,Building,m3,146.5668324088837
2025-11-13,Subbase application,Road,m2,2790.81894637326
2025-05-21,Terrain leveling,Building,m3,806.8553259754535
2025-06-05,Subbase application,Road,m2,2536.1474399220597
2025-11-17,Rolling/Tractor,Road,m2,239.1313837723036
2025-12-05,Pavement,Road,m2,3667.44241447473
2025-02-08,Rolling/Tractor,Road,m2,3280.2659814618564
2025-12-13,Iron mining,Railway,m3,48.357939065623576
2025-05-19,Removing trees,Building,m2,239.51391805255074
2025-10-11,Iron mining,Railway,m3,4274.395356220591
2025-05-10,Ballast,Railway,m3,3261.244390950847
2025-09-02,Foundation pouring,Building,m3,2294.4697577260786
2025-05-31,Iron mining,Railway,m3,1782.8007035898995
2025-02-04,Coat preparation,Road,L,2008.9397230742684
2025-08-23,Laying steel rail,Railway,m,4473.06947238463
2025-08-03,Terrain leveling,Building,m3,1603.5236282584092
2025-05-07,Pavement,Road,m2,126.321741125639
2025-01-04,Terrain leveling,Building,m3,763.4936643500062
2025-08-13,Cement making,Building,m3,2236.419756210618
2025-02-08,Rolling/Tractor,Road,m2,4541.5879002917
2025-11-06,Foundation pouring,Building,m3,3893.4706166219576
2025-03-15,Walling,Building,m2,2992.026100647252
2025-12-15,Coat preparation,Road,L,3967.6852769918137
2025-11-18,Foundation pouring,Building,m3,557.0582486089803
2025-05-06,Iron mining,Railway,m3,1497.2162814733992
2025-06-15,Cement making,Building,m3,3036.183604711416
2025-09-11,Coat preparation,Road,L,4736.107296159002
2025-10-24,Walling,Building,m2,3075.494590421485
2025-01-28,Walling,Building,m2,387.56362835450585
2025-03-30,Iron mining,Railway,m3,888.8535003824294
2025-05-29,Removing trees,Building,m2,3323.3177501865807
2025-02-02,Removing trees,Building,m2,2126.4823175324873
2025-12-03,Coat preparation,Road,L,233.04054672624142
2025-07-26,Removing trees,Building,m2,812.1238385381979
2025-06-17,Ballast,Railway,m3,2554.0478653477007
2025-07-08,Ballast,Railway,m3,4308.641641290238
2025-09-05,Laying steel rail,Railway,m,4080.8573291438206
2025-12-03,Pavement,Road,m2,3684.612050699981
2025-05-14,Walling,Building,m2,1460.7188455569835
2025-11-10,Removing trees,Building,m2,4341.288199483777
2025-11-15,Coat preparation,Road,L,2443.7062654699266
2025-02-26,Foundation pouring,Building,m3,629.8870992654876
2025-06-12,Rolling/Tractor,Road,m2,1107.3241507037817
2025-02-14,Foundation pouring,Building,m3,2612.3828994379837
2025-10-13,Iron mining,Railway,m3,4133.240983586504
2025-10-21,Terrain leveling,Building,m3,3373.2215274736373
2025-09-21,Anchorage,Railway,m2,629.4569023684566
2025-08-20,Terrain leveling,Building,m3,12.291745428922308
2025-01-26,Walling,Building,m2,4501.090537245035
2025-09-26,Subbase application,Road,m2,3888.1662531141524
2025-11-16,Terrain leveling,Building,m3,247.5325227993136
2025-04-18,Cement making,Building,m3,4941.508015236899
2025-09-23,Anchorage,Railway,m2,1557.839615140662
2025-08-19,Cement making,Building,m3,2227.448804186401
2025-04-16,Laying steel rail,Railway,m,3679.201584677546
2025-02-01,Iron mining,Railway,m3,2697.87214338012
2025-10-18,Subbase application,Road,m2,3218.722390490807
2025-06-11,Cement making,Building,m3,1984.452727010959
2025-12-07,Foundation pouring,Building,m3,3514.6422156047674
2025-12-06,Foundation pouring,Building,m3,4484.960303925093
2025-10-27,Subbase application,Road,m2,4671.848646528436
2025-01-03,Rolling/Tractor,Road,m2,2602.045982006172
2025-11-04,Coat preparation,Road,L,4724.868838691139
2025-12-02,Terrain leveling,Building,m3,2038.190532938205
2025-10-21,Coat preparation,Road,L,3580.6028770703756
2025-06-20,Iron mining,Railway,m3,1734.7814563509146
2025-01-20,Pavement,Road,m2,3548.386865003698
2025-10-31,Walling,Building,m2,4338.832276949838
2025-07-17,Removing trees,Building,m2,2516.4247082740044
2025-08-04,Terrain leveling,Building,m3,4078.501685219837
2025-10-06,Cement making,Building,m3,1545.469827627743
2025-04-23,Terrain leveling,Building,m3,78.48592753467054
2025-07-16,Ballast,Railway,m3,2671.5016800886183
2025-09-08,Terrain leveling,Building,m3,508.1377903329043
2025-05-22,Anchorage,Railway,m2,2622.031145292663
2025-12-25,Removing trees,Building,m2,3447.7327400125214
2025-10-12,Removing trees,Building,m2,522.974521067312
2025-06-21,Removing trees,Building,m2,3010.000261265024
2025-05-23,Ballast,Railway,m3,4306.50610833026
2025-06-21,Terrain leveling,Building,m3,1452.537395442608
2025-05-22,Coat preparation,Road,L,4711.075018479645
2025-12-17,Foundation pouring,Building,m3,1759.1171173604303
2025-09-28,Iron mining,Railway,m3,3513.3567516329217
2025-04-06,Removing trees,Building,m2,3310.619074810807
2025-02-03,Laying steel rail,Railway,m,3953.187725077963
2025-05-30,Ballast,Railway,m3,775.1820786032487
2025-08-18,Foundation pouring,Building,m3,1445.7572813138963
2025-06-15,Removing trees,Building,m2,1547.3897393968693
2025-11-30,Subbase application,Road,m2,3344.14778782225
2025-02-08,Walling,Building,m2,2892.4342501134106
2025-07-11,Laying steel rail,Railway,m,2177.7115480120697
2025-06-23,Terrain leveling,Building,m3,197.18930867543227
2025-12-16,Foundation pouring,Building,m3,890.1543325637417
2025-01-26,Removing trees,Building,m2,3299.298879362675
2025-06-29,Removing trees,Building,m2,4812.302372670255
2025-01-14,Pavement,Road,m2,3020.434792389602
2025-05-09,Foundation pouring,Building,m3,3589.50401305518
2025-08-31,Laying steel rail,Railway,m,3642.8735935531604
2025-07-24,Iron mining,Railway,m3,4937.964750324739
2025-01-06,Cement making,Building,m3,3870.9260617281097
2025-08-24,Removing trees,Building,m2,2807.9140552556028
2025-06-21,Cement making,Building,m3,651.3578642819673
2025-06-21,Pavement,Road,m2,2398.6208442351376
2025-03-16,Removing trees,Building,m2,2289.9422539730986
2025-11-08,Walling,Building,m2,2099.5299309079683
2025-12-25,Laying steel rail,Railway,m,4404.2750120510445
2025-11-09,Pavement,Road,m2,4156.213640511148
2025-07-17,Foundation pouring,Building,m3,64.88760905731861
2025-01-27,Anchorage,Railway,m2,1996.7785926455279
2025-04-15,Anchorage,Railway,m2,1775.8485041363608
2025-12-27,Iron mining,Railway,m3,3255.614900223038
2025-10-12,Ballast,Railway,m3,3870.134233545784
2025-04-24,Subbase application,Road,m2,633.0516543037018
2025-02-16,Foundation pouring,Building,m3,191.15018144612193
2025-08-18,Anchorage,Railway,m2,2602.0842715807003
2025-07-15,Ballast,Railway,m3,206.3393023784349
2025-09-26,Rolling/Tractor,Road,m2,1371.771562208795
2025-08-29,Pavement,Road,m2,667.6454199012904
2025-05-26,Foundation pouring,Building,m3,430.39894948293966
2025-02-04,Anchorage,Railway,m2,1671.89686615973
2025-08-22,Subbase application,Road,m2,3893.713785459143
2025-08-22,Pavement,Road,m2,2166.520505173267
2025-02-18,Coat preparation,Road,L,2982.468790985896
2025-07-29,Anchorage,Railway,m2,3136.3190613059705
2025-10-23,Anchorage,Railway,m2,3441.5306967128217
2025-09-16,Cement making,Building,m3,1548.6809160527803
2025-02-19,Iron mining,Railway,m3,4016.697779819698
2025-09-11,Rolling/Tractor,Road,m2,2640.2226830377735
2025-12-19,Rolling/Tractor,Road,m2,4136.240222133431
2025-05-08,Walling,Building,m2,4919.573056647724
2025-03-09,Removing trees,Building,m2,347.5467968098378
2025-08-24,Removing trees,Building,m2,4820.230215957273
2025-09-10,Coat preparation,Road,L,1465.0142701822256
2025-12-04,Rolling/Tractor,Road,m2,1854.9823346521798
2025-02-05,Ballast,Railway,m3,2657.700011340774
2025-08-20,Removing trees,Building,m2,4349.478108167027
2025-01-25,Removing trees,Building,m2,1192.9225924281784
2025-07-03,Removing trees,Building,m2,3926.727005404991
2025-05-31,Laying steel rail,Railway,m,1337.9302622416521
2025-12-17,Removing trees,Building,m2,3295.556640361247
2025-10-14,Cement making,Building,m3,2073.3568619600014
2025-01-15,Subbase application,Road,m2,3092.6657657047786
2025-05-07,Subbase application,Road,m2,3091.2066343861684
2025-10-01,Iron mining,Railway,m3,4427.589353374914
2025-11-13,Iron mining,Railway,m3,2822.679760511487
2025-01-25,Rolling/Tractor,Road,m2,3879.7038226852233
2025-07-21,Cement making,Building,m3,487.77880950376715
2025-12-25,Laying steel rail,Railway,m,2352.7928250921127
2025-04-22,Subbase application,Road,m2,4884.217798791858
2025-02-25,Iron mining,Railway,m3,871.4818402334379
2025-08-25,Iron mining,Railway,m3,3576.9231734051605
2025-12-01,Cement making,Building,m3,930.2400774261321
2025-02-15,Coat preparation,Road,L,1535.0306721719442
2025-12-12,Walling,Building,m2,4814.196666940406
2025-05-18,Removing trees,Building,m2,48.72721563823901
2025-09-01,Foundation pouring,Building,m3,3695.6830462907847
2025-04-08,Cement making,Building,m3,885.966155027828
2025-03-05,Cement making,Building,m3,1674.5059983735355
2025-07-03,Walling,Building,m2,3295.7345000267596
2025-05-07,Subbase application,Road,m2,4036.1753108924854
2025-05-04,Subbase application,Road,m2,291.32692555444817
2025-06-18,Pavement,Road,m2,4222.730121538009
2025-01-31,Coat preparation,Road,L,1049.4703294412523
2025-02-15,Walling,Building,m2,3576.8635088396923
2025-01-27,Ballast,Railway,m3,2619.0455391094793
2025-11-03,Coat preparation,Road,L,172.56810211359274
2025-08-27,Ballast,Railway,m3,1060.8097563532792
2025-03-27,Removing trees,Building,m2,684.7055711275347
2025-08-17,Terrain leveling,Building,m3,735.5867026845808
2025-04-20,Walling,Building,m2,4585.307808554832
2025-03-19,Pavement,Road,m2,4555.848287781363
2025-03-19,Terrain leveling,Building,m3,1155.0007640368603
2025-04-18,Ballast,Railway,m3,431.8631052303834
2025-11-19,Rolling/Tractor,Road,m2,2142.013896746594
2025-04-05,Anchorage,Railway,m2,2930.3789076684366
2025-06-21,Coat preparation,Road,L,26.50317315349482
2025-03-06,Terrain leveling,Building,m3,3857.274398223711
2025-10-28,Rolling/Tractor,Road,m2,2001.4367785076981
2025-06-05,Anchorage,Railway,m2,3346.275310692553
2025-10-11,Subbase application,Road,m2,2069.520838328606
2025-07-21,Pavement,Road,m2,338.546279108492
2025-02-18,Foundation pouring,Building,m3,4294.393227909263
2025-02-23,Iron mining,Railway,m3,4562.025666127476
2025-03-04,Removing trees,Building,m2,3808.7871567368343
2025-04-27,Anchorage,Railway,m2,4238.370151511854
2025-07-03,Cement making,Building,m3,2857.127354754664
2025-09-15,Iron mining,Railway,m3,467.3576084337894
2025-07-09,Subbase application,Road,m2,1979.0223361937753
2025-08-26,Coat preparation,Road,L,255.91070543550921
2025-07-19,Iron mining,Railway,m3,3576.66822607947
2025-11-27,Iron mining,Railway,m3,398.3402045187673
2025-02-26,Walling,Building,m2,2065.9881276548576
2025-07-23,Terrain leveling,Building,m3,287.0723144888582
2025-08-31,Ballast,Railway,m3,1710.4584127476135
2025-10-18,Iron mining,Railway,m3,2384.542301548729
2025-09-09,Pavement,Road,m2,1059.4673204395222
2025-04-23,Iron mining,Railway,m3,2646.9833157238354
2025-08-08,Pavement,Road,m2,4750.535061557427
2025-09-30,Iron mining,Railway,m3,3023.775619353419
2025-10-07,Ballast,Railway,m3,736.9885766129464
2025-12-10,Laying steel rail,Railway,m,4110.477396827085
2025-01-17,Removing trees,Building,m2,4829.303904396376
2025-01-01,Foundation pouring,Building,m3,692.6418067830881
2025-03-05,Pavement,Road,m2,1708.2434937718722
2025-03-02,Foundation pouring,Building,m3,2848.4246574155204
2025-05-27,Subbase application,Road,m2,1309.453264111804
2025-04-09,Walling,Building,m2,2282.551525119453
2025-08-18,Foundation pouring,Building,m3,4080.0309796431193
2025-09-02,Removing trees,Building,m2,928.580334601623
2025-09-24,Anchorage,Railway,m2,64.81369971615969
2025-08-03,Ballast,Railway,m3,2601.0775642971757
2025-08-03,Laying steel rail,Railway,m,2950.1924162236546
2025-12-08,Anchorage,Railway,m2,3609.1938986860678
2025-06-06,Pavement,Road,m2,1041.9765455925583
2025-09-07,Laying steel rail,Railway,m,4997.448701704172
2025-02-15,Foundation pouring,Building,m3,1006.388461132634
2025-10-24,Anchorage,Railway,m2,4181.9397355899255
2025-06-26,Walling,Building,m2,4994.24243260299
2025-06-25,Pavement,Road,m2,1658.6873727665863
2025-06-29,Ballast,Railway,m3,1291.696052957238
2025-11-07,Subbase application,Road,m2,2617.799569473344
2025-12-11,Walling,Building,m2,3799.978337380642
2025-02-16,Iron mining,Railway,m3,2379.3393316612705
2025-10-20,Foundation pouring,Building,m3,703.8915526590816
2025-07-21,Walling,Building,m2,3735.3509847798045
2025-07-09,Ballast,Railway,m3,1516.7204287373315
2025-12-03,Subbase application,Road,m2,1432.9382334046998
2025-10-23,Iron mining,Railway,m3,4018.916349771755
2025-09-25,Cement making,Building,m3,1045.4814275682827
2025-04-29,Terrain leveling,Building,m3,280.3662417466968
2025-01-06,Ballast,Railway,m3,3467.294476899225
2025-01-11,Removing trees,Building,m2,4171.404226905872
2025-04-26,Walling,Building,m2,829.8722729596059
2025-04-08,Pavement,Road,m2,1335.5599926786226
2025-05-07,Rolling/Tractor,Road,m2,1108.3907948922322
2025-01-23,Rolling/Tractor,Road,m2,2186.282403259336
2025-06-08,Ballast,Railway,m3,2382.6655044692634
2025-11-04,Cement making,Building,m3,1878.8790187708444
2025-09-04,Anchorage,Railway,m2,4189.115678400412
2025-06-06,Ballast,Railway,m3,4535.343820168747
2025-09-01,Anchorage,Railway,m2,4685.545053612096
2025-09-09,Anchorage,Railway,m2,3010.6916164386694
2025-08-12,Cement making,Building,m3,3219.257412006184
2025-01-19,Iron mining,Railway,m3,1791.3157878678016
2025-05-31,Rolling/Tractor,Road,m2,2096.0374590665374
2025-10-22,Removing trees,Building,m2,2924.5598236079345
2025-09-04,Rolling/Tractor,Road,m2,2882.130801178469
2025-02-05,Anchorage,Railway,m2,269.33791096850456
2025-12-02,Coat preparation,Road,L,1907.1551458258634
2025-02-25,Foundation pouring,Building,m3,2514.8227532972624
2025-05-04,Terrain leveling,Building,m3,4980.898531576031
2025-01-24,Laying steel rail,Railway,m,2881.892220345922
2025-09-05,Ballast,Railway,m3,4883.576629134701
2025-12-01,Anchorage,Railway,m2,2853.4995020148767
2025-07-16,Terrain leveling,Building,m3,4364.101492371066
2025-07-23,Removing trees,Building,m2,1688.1122094870382
2025-09-19,Pavement,Road,m2,1095.3769942741603
2025-12-05,Ballast,Railway,m3,476.913756400858
2025-01-08,Terrain leveling,Building,m3,935.100498893684
2025-09-20,Subbase application,Road,m2,2592.0298630583766
2025-06-10,Walling,Building,m2,2554.895871446679
2025-04-23,Terrain leveling,Building,m3,2130.443547165708
2025-10-30,Coat preparation,Road,L,894.083007974989
2025-11-30,Subbase application,Road,m2,2336.7032331470223
2025-02-25,Pavement,Road,m2,1315.644360995639
2025-11-13,Laying steel rail,Railway,m,546.564557230288
2025-02-10,Terrain leveling,Building,m3,873.9791629289367
2025-01-21,Removing trees,Building,m2,4352.2991311381575
2025-02-05,Laying steel rail,Railway,m,1814.2301392807908
2025-09-15,Ballast,Railway,m3,1976.856562923925
2025-10-15,Cement making,Building,m3,4613.0815781993915
2025-10-03,Walling,Building,m2,3146.089189752997
2025-02-18,Cement making,Building,m3,4327.092604983033
2025-10-07,Cement making,Building,m3,4562.905379626708
2025-05-02,Terrain leveling,Building,m3,3257.352559741446
2025-06-18,Coat preparation,Road,L,1770.9486635531912
2025-06-25,Removing trees,Building,m2,2473.417658788533
2025-07-20,Walling,Building,m2,4214.038097368057
2025-12-15,Iron mining,Railway,m3,2304.3539039931375
2025-09-05,Foundation pouring,Building,m3,3476.333476813539
2025-01-09,Terrain leveling,Building,m3,1723.9148929916514
2025-06-22,Terrain leveling,Building,m3,1461.5861447959521
2025-10-16,Coat preparation,Road,L,588.4263446357991
2025-08-01,Terrain leveling,Building,m3,1931.8393800755923
2025-06-27,Cement making,Building,m3,2872.217509811424
2025-02-03,Anchorage,Railway,m2,3779.883579981297
2025-07-09,Coat preparation,Road,L,4563.190043167293
2025-07-19,Foundation pouring,Building,m3,4418.333883186144
2025-10-30,Iron mining,Railway,m3,4391.477460320839
2025-10-27,Anchorage,Railway,m2,3103.4573786927544
2025-10-06,Walling,Building,m2,4462.636854325553
2025-04-10,Laying steel rail,Railway,m,4105.281992035486
2025-06-06,Iron mining,Railway,m3,533.3075843732777
2025-10-11,Anchorage,Railway,m2,2727.8839655308466
2025-04-08,Anchorage,Railway,m2,2716.025880543483
2025-10-30,Anchorage,Railway,m2,975.2711938593411
2025-06-13,Pavement,Road,m2,2929.535408163502
2025-11-11,Laying steel rail,Railway,m,1458.5363458824409
2025-03-07,Rolling/Tractor,Road,m2,4254.493122719899
2025-03-14,Ballast,Railway,m3,1117.8712672052072
2025-11-01,Rolling/Tractor,Road,m2,2329.3063186542927
2025-06-25,Walling,Building,m2,766.9576317832732
2025-06-12,Subbase application,Road,m2,3078.7276698950077
2025-08-17,Removing trees,Building,m2,994.8521839117369
2025-09-06,Anchorage,Railway,m2,3944.8965777155477
2025-01-01,Removing trees,Building,m2,2828.8541642608798
2025-02-22,Pavement,Road,m2,4657.265078531739
2025-10-02,Iron mining,Railway,m3,1877.409846245524
2025-07-09,Foundation pouring,Building,m3,4689.16198540882
2025-04-22,Anchorage,Railway,m2,3650.708841886698
2025-11-14,Rolling/Tractor,Road,m2,4393.892867707554
2025-03-23,Laying steel rail,Railway,m,4973.43857904702
2025-02-23,Ballast,Railway,m3,3365.8728642248625
2025-01-06,Rolling/Tractor,Road,m2,1043.7737131754832
2025-02-06,Coat preparation,Road,L,3540.35772095179
2025-04-28,Ballast,Railway,m3,4799.016736451934
2025-01-20,Subbase application,Road,m2,621.2535014267401
2025-02-02,Cement making,Building,m3,1974.7062813132127
2025-01-21,Removing trees,Building,m2,537.0103053199371
2025-04-29,Coat preparation,Road,L,2103.1581235846143
2025-03-12,Ballast,Railway,m3,4180.865952378133
2025-02-09,Laying steel rail,Railway,m,2811.376734284162
2025-05-28,Cement making,Building,m3,2839.2185388404173
2025-01-07,Ballast,Railway,m3,3128.5136900146026
2025-01-29,Walling,Building,m2,1580.546872276431
2025-11-04,Pavement,Road,m2,4190.375123375562
2025-04-09,Iron mining,Railway,m3,1831.3248507943058
2025-04-07,Ballast,Railway,m3,4183.089519569562
2025-06-26,Foundation pouring,Building,m3,2253.4297791844797
2025-05-22,Coat preparation,Road,L,4659.510049453731
2025-06-10,Terrain leveling,Building,m3,1442.619869579866
2025-07-14,Pavement,Road,m2,4409.182767137767
2025-01-19,Laying steel rail,Railway,m,3457.149701560256
2025-09-19,Walling,Building,m2,3894.096393981823
2025-10-07,Cement making,Building,m3,4561.248526742036
2025-10-30,Cement making,Building,m3,265.61637205289645
2025-11-25,Subbase application,Road,m2,116.15406079807656
2025-06-15,Foundation pouring,Building,m3,2150.0866500785605
2025-07-15,Laying steel rail,Railway,m,292.1603710476267
2025-09-05,Walling,Building,m2,2587.9896695895686
2025-04-27,Rolling/Tractor,Road,m2,2213.608818243109
2025-03-15,Ballast,Railway,m3,2700.108915034359
2025-08-02,Subbase application,Road,m2,4524.163123696049
2025-07-29,Iron mining,Railway,m3,1159.0428355286797
2025-10-26,Rolling/Tractor,Road,m2,4895.711897243905
2025-01-18,Pavement,Road,m2,3300.235121146748
2025-05-05,Pavement,Road,m2,1158.8295752807132
2025-09-13,Foundation pouring,Building,m3,2507.365586234599
2025-09-07,Ballast,Railway,m3,948.2949021481596
2025-09-11,Cement making,Building,m3,1255.8041326168072
2025-08-26,Coat preparation,Road,L,1710.458175153834
2025-08-29,Rolling/Tractor,Road,m2,4157.565686797054
2025-01-13,Foundation pouring,Building,m3,2771.41612676493
2025-11-05,Subbase application,Road,m2,4393.89058398431
2025-05-23,Rolling/Tractor,Road,m2,1811.4794365212445
2025-07-12,Coat preparation,Road,L,2778.64262040786
2025-10-17,Pavement,Road,m2,1412.2158456719874
2025-09-23,Foundation pouring,Building,m3,2208.011307296641
2025-02-15,Walling,Building,m2,4451.6466144199785
2025-08-30,Walling,Building,m2,4619.696227044602
2025-10-20,Anchorage,Railway,m2,3619.6274065019447
2025-12-12,Iron mining,Railway,m3,2617.4220738678723
2025-01-09,Ballast,Railway,m3,1542.045910890545
2025-07-04,Walling,Building,m2,4283.234907383068
2025-01-20,Cement making,Building,m3,4256.605823804186
2025-04-17,Rolling/Tractor,Road,m2,178.86542159674613
2025-03-04,Removing trees,Building,m2,2626.4032832241096
2025-11-18,Rolling/Tractor,Road,m2,2266.22468950173
2025-10-31,Laying steel rail,Railway,m,746.3585049598531
2025-07-23,Foundation pouring,Building,m3,1202.8877110441172
2025-11-28,Subbase application,Road,m2,2262.3651136815083
2025-04-12,Rolling/Tractor,Road,m2,2797.66119959918
2025-11-23,Anchorage,Railway,m2,3538.630357640409
2025-03-03,Subbase application,Road,m2,59.849582269387305
2025-09-02,Pavement,Road,m2,764.3696925772264
2025-01-26,Walling,Building,m2,1318.8227533896218
2025-02-26,Ballast,Railway,m3,1860.4174476955204
2025-12-09,Removing trees,Building,m2,4012.5150027851673
2025-10-20,Subbase application,Road,m2,1637.4275758041651
2025-11-03,Iron mining,Railway,m3,488.50009657545934
2025-08-07,Ballast,Railway,m3,2262.553933692002
2025-04-07,Pavement,Road,m2,1182.609376073706
2025-06-16,Coat preparation,Road,L,3137.568529461686
2025-08-08,Subbase application,Road,m2,4850.377175792619
2025-03-02,Walling,Building,m2,3689.4349330035316
2025-09-18,Pavement,Road,m2,2747.9964056723566
2025-04-22,Anchorage,Railway,m2,969.9136180051954
2025-12-26,Cement making,Building,m3,2273.3747030073737
2025-12-22,Cement making,Building,m3,1983.71251309087
2025-03-26,Pavement,Road,m2,1175.1299508617658
2025-02-20,Iron mining,Railway,m3,4179.271347070742
2025-07-21,Subbase application,Road,m2,4968.146975671826
2025-05-31,Ballast,Railway,m3,3891.1176532065965
2025-12-07,Coat preparation,Road,L,1218.196703426605
2025-10-06,Foundation pouring,Building,m3,1800.8551897885554
2025-08-07,Rolling/Tractor,Road,m2,4294.057407685896
2025-08-13,Walling,Building,m2,752.6347735307942
2025-12-07,Rolling/Tractor,Road,m2,4561.871082752987
2025-08-18,Terrain leveling,Building,m3,3820.1645340677132
2025-03-10,Removing trees,Building,m2,1700.8404226583423
2025-10-12,Terrain leveling,Building,m3,162.07372063792468
2025-08-24,Removing trees,Building,m2,2348.8639313526837
2025-08-02,Walling,Building,m2,1441.2656642889465
2025-07-31,Anchorage,Railway,m2,2997.79093343313
2025-07-24,Cement making,Building,m3,4926.656019918678
2025-07-23,Pavement,Road,m2,2416.4527520884362
2025-12-01,Laying steel rail,Railway,m,3581.655249694246
2025-10-04,Foundation pouring,Building,m3,4710.703333519347
2025-03-03,Laying steel rail,Railway,m,2696.5511261171305
2025-10-15,Cement making,Building,m3,4867.93887534656
2025-07-26,Removing trees,Building,m2,3899.584016359482
2025-04-28,Walling,Building,m2,4572.9182505949175
2025-07-19,Laying steel rail,Railway,m,1626.3689418530685
2025-05-13,Cement making,Building,m3,625.4867497151484
2025-08-25,Coat preparation,Road,L,516.1634260261317
2025-10-05,Coat preparation,Road,L,3201.713699589644
2025-11-16,Laying steel rail,Railway,m,2397.4362113179664
2025-09-01,Walling,Building,m2,2850.0563293963223
2025-01-16,Rolling/Tractor,Road,m2,3919.7745398491506
2025-01-07,Foundation pouring,Building,m3,734.915008338819
2025-03-04,Laying steel rail,Railway,m,4864.253850051823
2025-06-16,Terrain leveling,Building,m3,572.1467990390172
2025-08-09,Terrain leveling,Building,m3,2334.2414124474253
2025-11-22,Subbase application,Road,m2,644.9758244425374
2025-04-03,Anchorage,Railway,m2,3491.852524035904
2025-05-14,Laying steel rail,Railway,m,2553.832133697503
2025-12-12,Coat preparation,Road,L,3094.928196055306
2025-03-29,Walling,Building,m2,3108.919125207801
2025-09-05,Ballast,Railway,m3,4622.833873697878
2025-01-15,Foundation pouring,Building,m3,2298.0701449461394
2025-03-12,Coat preparation,Road,L,3308.366208801342
2025-06-15,Pavement,Road,m2,2192.4082127816587
2025-04-25,Terrain leveling,Building,m3,453.70685148933273
2025-10-16,Cement making,Building,m3,2235.52966160103
2025-02-13,Terrain leveling,Building,m3,3271.2068610854885
2025-07-26,Rolling/Tractor,Road,m2,4704.850038338033
2025-03-21,Terrain leveling,Building,m3,4409.696372467568
2025-12-21,Removing trees,Building,m2,1452.1870065859687
2025-06-03,Laying steel rail,Railway,m,1793.2485817505956
2025-11-29,Anchorage,Railway,m2,3899.8182780689276
2025-05-28,Coat preparation,Road,L,385.5237319849808
2025-04-15,Iron mining,Railway,m3,1872.6989206978512
2025-05-12,Rolling/Tractor,Road,m2,3706.9767503783264
2025-03-11,Cement making,Building,m3,3231.2125880672547
2025-08-30,Cement making,Building,m3,4066.727274556263
2025-09-12,Pavement,Road,m2,2585.0691687355184
2025-01-29,Walling,Building,m2,1452.500918814698
2025-11-15,Rolling/Tractor,Road,m2,4130.458445146384
2025-02-06,Coat preparation,Road,L,3261.914010735526
2025-11-26,Coat preparation,Road,L,981.3832401100886
2025-03-15,Rolling/Tractor,Road,m2,4701.972995922978
2025-10-01,Coat preparation,Road,L,2243.6785216298376
2025-07-08,Removing trees,Building,m2,860.8996317186718
2025-10-13,Walling,Building,m2,2597.3920598283094
2025-12-29,Ballast,Railway,m3,4531.509269456889
2025-09-10,Anchorage,Railway,m2,3760.156454596757
2025-11-29,Iron mining,Railway,m3,3687.020044011604
2025-11-19,Cement making,Building,m3,3960.4860759933936
2025-04-13,Rolling/Tractor,Road,m2,1661.3399035404252
2025-11-30,Walling,Building,m2,2374.5394378250303
2025-05-15,Cement making,Building,m3,3133.9614262579316
2025-08-31,Terrain leveling,Building,m3,4401.105353910505
2025-09-20,Cement making,Building,m3,1766.3525080223958
2025-05-23,Cement making,Building,m3,3055.1147058708234
2025-07-24,Terrain leveling,Building,m3,4068.282186093613
2025-11-11,Ballast,Railway,m3,3646.8928700674624
2025-10-27,Rolling/Tractor,Road,m2,4809.390169617674
2025-05-16,Foundation pouring,Building,m3,1139.1251621828874
2025-11-27,Pavement,Road,m2,2038.3661189021345
2025-05-18,Terrain leveling,Building,m3,2101.9036506402053
2025-11-20,Rolling/Tractor,Road,m2,4768.613434601338
2025-09-27,Cement making,Building,m3,4343.471259661918
2025-09-28,Foundation pouring,Building,m3,358.86882792938724
2025-11-05,Pavement,Road,m2,14.940008891654033
2025-09-03,Iron mining,Railway,m3,1017.927547405279
2025-03-30,Removing trees,Building,m2,1065.2817842962936
2025-08-11,Cement making,Building,m3,3136.789072604335
2025-04-10,Ballast,Railway,m3,261.59320191491196
2025-02-19,Subbase application,Road,m2,2975.9233702605757
2025-08-08,Removing trees,Building,m2,851.7170757853165
2025-10-14,Rolling/Tractor,Road,m2,2771.1159258147495
2025-01-18,Pavement,Road,m2,2203.826750025234
2025-10-08,Ballast,Railway,m3,463.9757579815129
2025-03-10,Coat preparation,Road,L,2142.001223428125
2025-06-07,Subbase application,Road,m2,892.5753901143569
2025-02-03,Walling,Building,m2,1048.946872542495
2025-05-30,Removing trees,Building,m2,3508.086515581022
2025-11-11,Cement making,Building,m3,3327.0629638596192
2025-08-07,Terrain leveling,Building,m3,113.31795372688525
2025-01-13,Coat preparation,Road,L,3306.5620510304793
2025-02-14,Removing trees,Building,m2,2081.75824775229
2025-08-10,Anchorage,Railway,m2,833.2985284658062
2025-03-21,Removing trees,Building,m2,328.4601769429907
2025-11-06,Ballast,Railway,m3,4337.641552654227
2025-12-07,Anchorage,Railway,m2,3518.6259642208533
2025-08-13,Coat preparation,Road,L,2316.8500407369115
2025-09-23,Anchorage,Railway,m2,2652.2143177294965
2025-11-03,Pavement,Road,m2,3604.041236135597
2025-08-04,Terrain leveling,Building,m3,3023.772295395336
2025-09-24,Cement making,Building,m3,4153.4293371258655
2025-08-26,Terrain leveling,Building,m3,1380.9074753720367
2025-06-05,Subbase application,Road,m2,2059.872183679075
2025-03-25,Ballast,Railway,m3,881.5963365895313
2025-05-22,Coat preparation,Road,L,226.09698571429306
2025-07-05,Iron mining,Railway,m3,4653.5164815880435
2025-01-01,Walling,Building,m2,4177.8456658614905
2025-02-08,Pavement,Road,m2,3595.800319231272
2025-07-13,Iron mining,Railway,m3,3549.540757501394
2025-12-06,Iron mining,Railway,m3,2727.410408499815
2025-10-13,Cement making,Building,m3,4374.23575876105
2025-11-29,Terrain leveling,Building,m3,303.50578216983615
2025-07-25,Pavement,Road,m2,3524.279116819367
2025-08-03,Pavement,Road,m2,4002.8170480463114
2025-07-29,Rolling/Tractor,Road,m2,4085.359115083517
2025-01-16,Iron mining,Railway,m3,380.70393683975965
2025-09-27,Walling,Building,m2,4587.850741811132
2025-07-15,Coat preparation,Road,L,3114.0962095252926
2025-03-22,Pavement,Road,m2,1456.4784536104198
2025-04-06,Subbase application,Road,m2,3200.192129308313
2025-05-06,Removing trees,Building,m2,1722.4308283158296
2025-05-03,Foundation pouring,Building,m3,2559.2266036961473
2025-09-22,Removing trees,Building,m2,530.7948816490532
2025-12-14,Subbase application,Road,m2,1515.84284559242
2025-05-26,Removing trees,Building,m2,4689.449029178575
2025-09-08,Pavement,Road,m2,4460.980500652697
2025-02-16,Laying steel rail,Railway,m,971.7013720860507
2025-08-21,Ballast,Railway,m3,928.496117275846
2025-11-03,Cement making,Building,m3,991.6681636081959
2025-11-16,Iron mining,Railway,m3,2144.0816953070853
2025-05-21,Terrain leveling,Building,m3,2715.72796432136
2025-11-26,Ballast,Railway,m3,4338.963442621323
2025-09-16,Cement making,Building,m3,2411.8128274017654
2025-06-22,Removing trees,Building,m2,2272.2142360494363
2025-01-31,Subbase application,Road,m2,2536.6168331539047
2025-05-11,Walling,Building,m2,2212.5753345787675
2025-03-06,Terrain leveling,Building,m3,1544.2219833576175
2025-10-17,Removing trees,Building,m2,2317.0662810277195
2025-01-03,Removing trees,Building,m2,1302.7238362260503
2025-12-18,Iron mining,Railway,m3,1867.3996626766937
2025-02-26,Ballast,Railway,m3,3022.1321359344092
2025-09-09,Foundation pouring,Building,m3,128.6669654340522
2025-04-18,Foundation pouring,Building,m3,1730.4493051615234
2025-07-29,Pavement,Road,m2,1854.7040707492995
2025-08-28,Pavement,Road,m2,4148.078391229116
2025-09-25,Ballast,Railway,m3,2342.092594775851
2025-07-13,Coat preparation,Road,L,1675.6608720325855
2025-10-07,Cement making,Building,m3,825.4313621745507
2025-02-05,Coat preparation,Road,L,1358.5378427860855
2025-11-03,Rolling/Tractor,Road,m2,1290.1899444857252
2025-09-15,Iron mining,Railway,m3,2463.076602110931
2025-03-31,Iron mining,Railway,m3,4070.4005821802693
2025-06-14,Coat preparation,Road,L,2396.3177338989613
2025-06-08,Cement making,Building,m3,995.2833574473385
2025-01-14,Foundation pouring,Building,m3,430.33724724194366
2025-02-21,Ballast,Railway,m3,184.64298865826677
2025-05-20,Foundation pouring,Building,m3,4225.32634272219
2025-11-23,Anchorage,Railway,m2,1684.9041270094617
2025-04-25,Anchorage,Railway,m2,2759.0015363149846
2025-04-05,Ballast,Railway,m3,37.72768703804108
2025-04-14,Laying steel rail,Railway,m,3602.2482044431536
2025-12-11,Laying steel rail,Railway,m,4117.400192926484
2025-08-24,Subbase application,Road,m2,778.9576169264345
2025-02-25,Walling,Building,m2,432.1258150650903
2025-08-20,Subbase application,Road,m2,818.2741447475089
2025-09-21,Laying steel rail,Railway,m,4812.854590644652
2025-06-13,Walling,Building,m2,265.7518400408576
2025-04-16,Laying steel rail,Railway,m,500.60874861216575
2025-01-29,Iron mining,Railway,m3,2441.4254029886665
2025-01-26,Pavement,Road,m2,1063.0611883562751
2025-09-23,Foundation pouring,Building,m3,3802.0929627431237
2025-02-22,Removing trees,Building,m2,31.369346495140338
2025-03-31,Walling,Building,m2,926.1369985650298
2025-04-23,Laying steel rail,Railway,m,341.37728786786334
2025-02-20,Iron mining,Railway,m3,45.29858777860607
2025-12-26,Rolling/Tractor,Road,m2,516.0041053189135
2025-08-06,Removing trees,Building,m2,2711.6544425419315
2025-03-14,Removing trees,Building,m2,2449.0921213751803
2025-06-12,Foundation pouring,Building,m3,3731.7073136920053
2025-08-05,Coat preparation,Road,L,1790.6834279874884
2025-04-14,Walling,Building,m2,1904.426821729367
2025-03-07,Ballast,Railway,m3,4419.520977929183
2025-09-30,Terrain leveling,Building,m3,3457.089329863671
2025-07-09,Iron mining,Railway,m3,4684.790714522343
2025-07-04,Foundation pouring,Building,m3,3832.0646500246207
2025-03-20,Anchorage,Railway,m2,2854.35500158398
2025-03-03,Walling,Building,m2,1698.8449902107084
2025-11-11,Anchorage,Railway,m2,3103.9964747363188
2025-10-23,Rolling/Tractor,Road,m2,1667.5601003696438
2025-08-14,Laying steel rail,Railway,m,988.867362999441
2025-07-17,Cement making,Building,m3,3191.2883670125384
2025-08-01,Ballast,Railway,m3,2456.189360584925
2025-05-10,Rolling/Tractor,Road,m2,4952.355052306055
2025-01-16,Walling,Building,m2,3373.3961020164365
2025-05-05,Ballast,Railway,m3,3629.572412353003
2025-02-22,Terrain leveling,Building,m3,278.87228457435185
2025-04-25,Pavement,Road,m2,1195.4712314657168
2025-08-20,Removing trees,Building,m2,4618.094482088903
2025-11-12,Foundation pouring,Building,m3,760.8180295675254
2025-06-12,Laying steel rail,Railway,m,4345.582902116535
2025-06-19,Foundation pouring,Building,m3,793.3002129745292
2025-12-26,Terrain leveling,Building,m3,176.26036887984753
2025-10-13,Foundation pouring,Building,m3,4222.768084389987
2025-03-12,Ballast,Railway,m3,3416.590891409428
2025-04-06,Foundation pouring,Building,m3,1300.7860069216138
2025-09-20,Anchorage,Railway,m2,1638.6264232676594
2025-01-27,Iron mining,Railway,m3,4010.7957379427967
2025-08-16,Laying steel rail,Railway,m,1155.5694245460725
2025-09-20,Ballast,Railway,m3,4589.612933256267
2025-02-02,Walling,Building,m2,1476.8126344528537
2025-07-16,Rolling/Tractor,Road,m2,193.3539397644546
2025-09-18,Pavement,Road,m2,4559.1350626246685
2025-01-03,Laying steel rail,Railway,m,4652.646658510408
2025-11-17,Cement making,Building,m3,2608.713252908321
2025-06-04,Ballast,Railway,m3,3453.959106192765
2025-03-03,Pavement,Road,m2,4540.093810237441
2025-09-05,Rolling/Tractor,Road,m2,4756.256698332653
2025-12-16,Walling,Building,m2,1561.9117390955694
2025-09-22,Removing trees,Building,m2,2214.563484129569
2025-05-24,Rolling/Tractor,Road,m2,3067.927861875208
2025-06-24,Coat preparation,Road,L,303.2845207511592
2025-07-14,Foundation pouring,Building,m3,383.2847067689832
2025-07-22,Walling,Building,m2,2490.6739769536757
2025-10-14,Iron mining,Railway,m3,3501.502002056088
2025-07-29,Walling,Building,m2,3149.3008434386725
2025-12-08,Anchorage,Railway,m2,1783.7801851806928
2025-01-21,Pavement,Road,m2,1242.8377969868748
2025-12-05,Coat preparation,Road,L,3449.1644076609346
2025-06-27,Removing trees,Building,m2,4213.432066068279
2025-02-19,Foundation pouring,Building,m3,4316.921727901564
2025-04-09,Walling,Building,m2,2822.118357484684
2025-03-30,Foundation pouring,Building,m3,2660.3613608491
2025-02-06,Ballast,Railway,m3,4042.413965949321
2025-07-06,Rolling/Tractor,Road,m2,4667.913379990992
2025-11-25,Removing trees,Building,m2,1158.9462825179835
2025-09-13,Rolling/Tractor,Road,m2,2090.581572727605
2025-07-02,Iron mining,Railway,m3,522.6701085236296
2025-09-21,Removing trees,Building,m2,2377.289135433195
2025-09-12,Anchorage,Railway,m2,2615.2368097831145
2025-09-04,Removing trees,Building,m2,4387.8903124109
2025-01-14,Ballast,Railway,m3,4190.087402996923
2025-04-23,Pavement,Road,m2,3538.8715746795733
2025-03-01,Foundation pouring,Building,m3,908.9226713314291
2025-10-17,Iron mining,Railway,m3,624.5090899518857
2025-03-20,Removing trees,Building,m2,4560.802042230418
2025-09-23,Subbase application,Road,m2,4196.373918987668
2025-03-02,Laying steel rail,Railway,m,1228.058525270515
2025-11-18,Ballast,Railway,m3,3140.842360778152
2025-02-15,Cement making,Building,m3,598.6841145615962
2025-02-20,Walling,Building,m2,1316.3005307421781
2025-03-23,Anchorage,Railway,m2,578.413349983537
2025-07-15,Coat preparation,Road,L,4882.046964602689
2025-05-16,Coat preparation,Road,L,4846.349830405014
2025-09-18,Laying steel rail,Railway,m,4336.872182024312
2025-03-26,Cement making,Building,m3,553.9723331725976
2025-09-10,Subbase application,Road,m2,1588.6871791381861
2025-10-04,Laying steel rail,Railway,m,3876.4053503713617
2025-11-20,Ballast,Railway,m3,3383.5207055895467
2025-10-23,Foundation pouring,Building,m3,2084.028706259321
2025-11-01,Anchorage,Railway,m2,4653.211280276947
2025-07-16,Terrain leveling,Building,m3,2568.265436557993
2025-11-21,Anchorage,Railway,m2,1301.06881907937
2025-10-09,Coat preparation,Road,L,4293.553921999345
2025-11-23,Ballast,Railway,m3,4372.9325513429585
2025-05-09,Walling,Building,m2,1283.2698072547778
2025-03-27,Anchorage,Railway,m2,681.0329630729639
2025-07-21,Terrain leveling,Building,m3,1415.2931887148422
2025-11-21,Anchorage,Railway,m2,717.8931866434751
2025-11-09,Rolling/Tractor,Road,m2,3296.9514824579687
2025-08-08,Pavement,Road,m2,4059.5535089807936
2025-02-13,Rolling/Tractor,Road,m2,2712.5375174199908
2025-06-18,Iron mining,Railway,m3,1588.4316261992792
2025-07-04,Coat preparation,Road,L,4852.199331663218
2025-06-13,Foundation pouring,Building,m3,427.2813083561744
2025-06-21,Laying steel rail,Railway,m,610.7877114463722
2025-02-17,Subbase application,Road,m2,1862.475205202735
2025-12-15,Terrain leveling,Building,m3,1920.6841165643473
2025-02-11,Foundation pouring,Building,m3,4127.116773745396
2025-06-26,Removing trees,Building,m2,1694.5261410991598
2025-12-07,Foundation pouring,Building,m3,326.5183262047633
2025-04-25,Coat preparation,Road,L,1202.3033035553954
2025-11-07,Cement making,Building,m3,3119.0185295713113
2025-10-24,Subbase application,Road,m2,3902.076563562026
2025-05-22,Laying steel rail,Railway,m,846.9472942632616
2025-07-22,Pavement,Road,m2,3053.5331814141746
2025-05-17,Subbase application,Road,m2,2463.1708400692696
2025-05-12,Anchorage,Railway,m2,1147.0348172043448
2025-04-09,Rolling/Tractor,Road,m2,3869.8154846589387
2025-06-06,Cement making,Building,m3,915.4569857070305
2025-08-15,Subbase application,Road,m2,713.6168475268556
2025-11-23,Subbase application,Road,m2,3709.014950265692
2025-09-27,Foundation pouring,Building,m3,4537.367591653533
2025-06-12,Rolling/Tractor,Road,m2,410.87270091212656
2025-08-17,Terrain leveling,Building,m3,1724.0368551991514
2025-07-13,Coat preparation,Road,L,4069.4601433458597
2025-07-08,Foundation pouring,Building,m3,4378.559037106711
2025-09-17,Coat preparation,Road,L,1597.2674275014797
2025-12-14,Anchorage,Railway,m2,2145.668971617539
2025-10-30,Terrain leveling,Building,m3,3420.0286172237734
2025-06-22,Coat preparation,Road,L,4668.5105371403515
2025-11-10,Subbase application,Road,m2,4898.574652593322
2025-01-02,Rolling/Tractor,Road,m2,644.4442744298045
2025-10-31,Removing trees,Building,m2,3841.569139796214
2025-01-20,Walling,Building,m2,1158.281909721036
2025-08-19,Cement making,Building,m3,4993.5194132965125
2025-12-12,Iron mining,Railway,m3,3580.2215514454833
2025-05-21,Foundation pouring,Building,m3,140.96134984844798
2025-01-28,Iron mining,Railway,m3,1951.548075383499
2025-06-13,Subbase application,Road,m2,2411.9814672467137
2025-06-23,Cement making,Building,m3,3575.585722901554
2025-12-09,Anchorage,Railway,m2,3541.1028426597204
2025-05-06,Pavement,Road,m2,2848.701563881359
2025-09-04,Terrain leveling,Building,m3,4783.197391355933
2025-07-31,Pavement,Road,m2,2054.9864595554086
2025-04-27,Foundation pouring,Building,m3,1846.0822834556889
2025-04-20,Subbase application,Road,m2,2491.60451798225
2025-05-01,Walling,Building,m2,3590.749289646167
2025-11-12,Terrain leveling,Building,m3,4457.069982446293
2025-09-13,Ballast,Railway,m3,2349.0866235167114
2025-05-29,Walling,Building,m2,3123.6550258191846
2025-06-29,Foundation pouring,Building,m3,2919.1741970605945
2025-08-18,Subbase application,Road,m2,2413.8725280925405
2025-11-30,Walling,Building,m2,4614.847884609181
2025-08-20,Rolling/Tractor,Road,m2,1730.0322928125272
2025-12-25,Coat preparation,Road,L,4025.6577780530965
2025-09-06,Anchorage,Railway,m2,750.118231548329
2025-10-23,Anchorage,Railway,m2,351.44214241962067
2025-05-29,Foundation pouring,Building,m3,741.9251743228183
2025-07-06,Rolling/Tractor,Road,m2,3637.663810239124
2025-07-19,Anchorage,Railway,m2,3684.1814984054213
2025-08-04,Coat preparation,Road,L,1888.0124395064367
2025-09-29,Cement making,Building,m3,2376.2497180038417
2025-12-03,Walling,Building,m2,4663.477544915201
2025-01-17,Terrain leveling,Building,m3,4109.346375432923
2025-11-29,Removing trees,Building,m2,4295.494444134337
2025-02-25,Ballast,Railway,m3,1038.8011095442616
2025-03-23,Foundation pouring,Building,m3,507.5288485741786
2025-06-30,Terrain leveling,Building,m3,2299.8133768525618
2025-10-09,Iron mining,Railway,m3,3926.6802333376004
2025-09-13,Pavement,Road,m2,4043.98545830448
2025-05-25,Pavement,Road,m2,3405.991277195496
2025-01-02,Anchorage,Railway,m2,820.4781100611336
2025-05-14,Rolling/Tractor,Road,m2,3109.967353617636
2025-05-09,Subbase application,Road,m2,2198.218275798361
2025-06-12,Ballast,Railway,m3,3140.537540980059
2025-02-07,Removing trees,Building,m2,822.8221618674125
2025-06-17,Laying steel rail,Railway,m,1907.8926231739008
2025-02-09,Iron mining,Railway,m3,3556.774563727292
2025-08-11,Walling,Building,m2,149.26168766583038
2025-12-03,Subbase application,Road,m2,1281.3309237444691
2025-03-31,Removing trees,Building,m2,3247.062058981518
2025-11-28,Removing trees,Building,m2,895.3201555688106
2025-03-08,Removing trees,Building,m2,1433.665837543603
2025-09-13,Subbase application,Road,m2,2065.6691844502534
2025-02-08,Walling,Building,m2,2340.3457587665407
2025-05-28,Ballast,Railway,m3,1137.5471346929505
2025-03-14,Ballast,Railway,m3,3759.2385730559026
2025-10-23,Foundation pouring,Building,m3,4053.4209840095873
2025-05-15,Removing trees,Building,m2,155.2112556242935
2025-08-29,Anchorage,Railway,m2,3149.2861272769114
2025-11-27,Laying steel rail,Railway,m,1464.5347433112977
2025-01-11,Iron mining,Railway,m3,4766.514468347941
2025-10-21,Iron mining,Railway,m3,3733.8308499613886
2025-12-13,Terrain leveling,Building,m3,3947.156413461086
2025-11-15,Pavement,Road,m2,729.8018184293553
2025-09-12,Anchorage,Railway,m2,1261.528331115554
2025-05-30,Removing trees,Building,m2,3441.103628020526
2025-03-29,Coat preparation,Road,L,2476.269576454785
2025-06-16,Ballast,Railway,m3,3411.0795383429336
2025-08-30,Foundation pouring,Building,m3,3219.892420767533
2025-11-21,Ballast,Railway,m3,3705.990984223815
2025-09-20,Terrain leveling,Building,m3,4686.687532330685
2025-08-04,Subbase application,Road,m2,1519.330202239253
2025-07-16,Terrain leveling,Building,m3,3368.5681395893935
2025-04-30,Coat preparation,Road,L,4529.572644724513
2025-02-07,Subbase application,Road,m2,3682.289549027329
2025-10-09,Iron mining,Railway,m3,3116.5439887998614
2025-09-30,Anchorage,Railway,m2,4515.113936265367
2025-05-16,Coat preparation,Road,L,959.9890379351427
2025-08-15,Subbase application,Road,m2,4228.392712571771
2025-07-31,Foundation pouring,Building,m3,1811.8931767106694
2025-03-02,Pavement,Road,m2,2603.1101769876145
2025-10-01,Ballast,Railway,m3,1879.9414255942704
2025-10-12,Walling,Building,m2,1885.9191795278468
2025-03-14,Walling,Building,m2,170.89259795659396
2025-09-07,Anchorage,Railway,m2,3284.739995311811
2025-11-26,Coat preparation,Road,L,2816.680200667333
2025-11-14,Pavement,Road,m2,3490.0949268807267
2025-01-31,Anchorage,Railway,m2,2199.1578994413794
2025-04-02,Cement making,Building,m3,566.8915879500752
2025-01-10,Cement making,Building,m3,67.42074878164084
2025-12-18,Foundation pouring,Building,m3,2610.6158593322766
2025-02-20,Laying steel rail,Railway,m,1629.7347842147842
2025-11-22,Laying steel rail,Railway,m,115.4688029203621
2025-03-19,Subbase application,Road,m2,234.88183070511647
2025-11-23,Removing trees,Building,m2,1017.9047389870855
2025-09-21,Iron mining,Railway,m3,1029.1044812903326
2025-05-29,Ballast,Railway,m3,1799.66554253581
2025-12-29,Subbase application,Road,m2,288.1505781380905
2025-12-17,Iron mining,Railway,m3,36.53626597823645
2025-03-10,Anchorage,Railway,m2,1741.8557858947465
2025-10-31,Terrain leveling,Building,m3,1023.7823311522782
2025-01-27,Subbase application,Road,m2,3503.3362099318542
2025-08-23,Rolling/Tractor,Road,m2,3992.094456619612
2025-09-26,Iron mining,Railway,m3,1417.6446694242468
2025-10-12,Iron mining,Railway,m3,1328.7305416310573
2025-11-10,Cement making,Building,m3,1096.481023741826
2025-08-07,Laying steel rail,Railway,m,1751.6796167789878
2025-02-04,Subbase application,Road,m2,4306.446503502928
2025-11-03,Foundation pouring,Building,m3,1648.6939756092756
2025-05-12,Pavement,Road,m2,3037.957836014164
2025-05-06,Walling,Building,m2,1620.9715174917937
2025-07-28,Laying steel rail,Railway,m,4669.237489385552
2025-10-24,Iron mining,Railway,m3,480.4831046836239
2025-07-21,Walling,Building,m2,4433.0858356576955
2025-09-18,Walling,Building,m2,4592.203571650135
2025-03-05,Cement making,Building,m3,531.1273400208172
2025-07-11,Iron mining,Railway,m3,1063.9427054377647
2025-10-11,Rolling/Tractor,Road,m2,967.9613787951286
2025-02-05,Foundation pouring,Building,m3,1137.5978149648613
2025-07-25,Walling,Building,m2,3602.5942710842846
2025-01-07,Terrain leveling,Building,m3,1481.3388188183396
2025-07-08,Walling,Building,m2,3252.5016986794103
2025-09-11,Foundation pouring,Building,m3,2411.756036600456
2025-12-27,Coat preparation,Road,L,1511.8591812362697
2025-09-22,Removing trees,Building,m2,1361.9763482797064
2025-03-07,Subbase application,Road,m2,444.4614545433889
2025-10-13,Coat preparation,Road,L,2864.1954301852334
2025-09-02,Ballast,Railway,m3,527.5683334636078
2025-12-10,Ballast,Railway,m3,2625.3642138174173
2025-11-25,Ballast,Railway,m3,3308.6881790519888
2025-10-02,Coat preparation,Road,L,2869.667181045976
2025-06-22,Rolling/Tractor,Road,m2,705.8347512704916
2025-05-03,Removing trees,Building,m2,412.06845837099826
2025-08-29,Foundation pouring,Building,m3,855.140531232455
2025-03-17,Iron mining,Railway,m3,2059.0850675725874
2025-07-11,Anchorage,Railway,m2,869.3229820873632
2025-09-18,Foundation pouring,Building,m3,2035.963883226926
2025-06-08,Ballast,Railway,m3,2907.201330153631
2025-11-27,Foundation pouring,Building,m3,1577.8445106167394
2025-09-25,Iron mining,Railway,m3,3018.4455342313227
2025-06-05,Removing trees,Building,m2,1444.9118190044103
2025-11-22,Cement making,Building,m3,3378.5763047620426
2025-06-17,Terrain leveling,Building,m3,1510.9993368360751
2025-03-26,Removing trees,Building,m2,4685.869629879344
2025-09-23,Rolling/Tractor,Road,m2,4298.967215971251
2025-07-22,Iron mining,Railway,m3,682.5741317542971
2025-11-10,Pavement,Road,m2,3196.2160909263575
2025-04-24,Walling,Building,m2,3375.4167148351044
2025-07-14,Foundation pouring,Building,m3,4366.033362834095
2025-04-08,Foundation pouring,Building,m3,2561.8246730312717
2025-11-26,Cement making,Building,m3,95.61617256650834
2025-09-07,Coat preparation,Road,L,4575.07278725364
2025-06-23,Pavement,Road,m2,494.4568118038484
2025-08-08,Coat preparation,Road,L,2709.4988932456704
2025-03-21,Iron mining,Railway,m3,316.564130674441
